## root/medium_electron_UL2017/egammaEffi.txt_EGM2D_MediumID_QPlus_hsseo_v2_1.root EGamma_EffData2D
ETA 1 0 16 -1 -2.5 -2.1 -1.8 -1.566 -1.444 -1.1 -0.8 -0.4 0.0 0.4 0.8 1.1 1.444 1.566 1.8 2.1 2.5
PT 1 0 10 -1 10.0 15.0 20.0 25.0 30.0 35.0 40.0 45.0 70.0 100.0 500.0
1 0 0 0 0 0 0 0.539 0.615 0.626 0.695 0.740 0.781 0.817 0.834 0.874 0.902
1 0 0 0 0 0 1 0.607 0.704 0.719 0.752 0.794 0.826 0.853 0.872 0.900 0.911
1 0 0 0 0 0 2 0.620 0.691 0.700 0.766 0.796 0.836 0.866 0.883 0.907 0.940
1 0 0 0 0 0 3 0.491 0.585 0.430 0.516 0.593 0.672 0.740 0.758 0.723 0.761
1 0 0 0 0 0 4 0.508 0.606 0.635 0.686 0.736 0.791 0.828 0.854 0.881 0.924
1 0 0 0 0 0 5 0.478 0.634 0.650 0.716 0.770 0.819 0.859 0.880 0.908 0.929
1 0 0 0 0 0 6 0.466 0.601 0.638 0.688 0.752 0.806 0.846 0.869 0.891 0.919
1 0 0 0 0 0 7 0.459 0.604 0.651 0.704 0.760 0.810 0.848 0.871 0.891 0.931
1 0 0 0 0 0 8 0.498 0.597 0.663 0.717 0.780 0.821 0.857 0.877 0.894 0.924
1 0 0 0 0 0 9 0.499 0.604 0.656 0.711 0.764 0.817 0.855 0.877 0.894 0.919
1 0 0 0 0 0 10 0.530 0.632 0.653 0.722 0.775 0.826 0.862 0.885 0.911 0.941
1 0 0 0 0 0 11 0.534 0.587 0.605 0.677 0.733 0.782 0.829 0.851 0.882 0.928
1 0 0 0 0 0 12 0.524 0.508 0.407 0.493 0.589 0.667 0.733 0.745 0.714 0.822
1 0 0 0 0 0 13 0.612 0.683 0.697 0.753 0.789 0.833 0.862 0.876 0.884 0.931
1 0 0 0 0 0 14 0.639 0.697 0.711 0.746 0.785 0.826 0.852 0.868 0.903 0.928
1 0 0 0 0 0 15 0.574 0.628 0.661 0.706 0.750 0.789 0.821 0.844 0.886 0.914
## root/medium_electron_UL2017/egammaEffi.txt_EGM2D_MediumID_QPlus_hsseo_v2_1.root EGamma_EffMC2D
ETA 1 0 16 -1 -2.5 -2.1 -1.8 -1.566 -1.444 -1.1 -0.8 -0.4 0.0 0.4 0.8 1.1 1.444 1.566 1.8 2.1 2.5
PT 1 0 10 -1 10.0 15.0 20.0 25.0 30.0 35.0 40.0 45.0 70.0 100.0 500.0
1 0 0 1 0 0 0 0.506 0.598 0.624 0.666 0.718 0.762 0.797 0.824 0.860 0.900
1 0 0 1 0 0 1 0.595 0.691 0.707 0.744 0.790 0.823 0.849 0.870 0.897 0.903
1 0 0 1 0 0 2 0.624 0.701 0.707 0.756 0.797 0.834 0.864 0.884 0.885 0.900
1 0 0 1 0 0 3 0.445 0.543 0.419 0.501 0.581 0.653 0.718 0.741 0.727 0.729
1 0 0 1 0 0 4 0.463 0.586 0.630 0.692 0.741 0.791 0.839 0.867 0.889 0.909
1 0 0 1 0 0 5 0.493 0.626 0.675 0.725 0.780 0.832 0.874 0.894 0.921 0.924
1 0 0 1 0 0 6 0.482 0.596 0.655 0.718 0.772 0.821 0.865 0.887 0.906 0.914
1 0 0 1 0 0 7 0.410 0.619 0.668 0.733 0.792 0.836 0.873 0.895 0.914 0.934
1 0 0 1 0 0 8 0.460 0.616 0.691 0.745 0.795 0.839 0.874 0.894 0.916 0.929
1 0 0 1 0 0 9 0.481 0.615 0.666 0.723 0.778 0.828 0.867 0.890 0.905 0.929
1 0 0 1 0 0 10 0.514 0.627 0.667 0.727 0.786 0.834 0.871 0.893 0.918 0.931
1 0 0 1 0 0 11 0.470 0.586 0.627 0.689 0.736 0.792 0.836 0.865 0.886 0.906
1 0 0 1 0 0 12 0.469 0.550 0.437 0.510 0.586 0.660 0.729 0.745 0.767 0.694
1 0 0 1 0 0 13 0.610 0.688 0.679 0.749 0.800 0.832 0.863 0.882 0.916 0.900
1 0 0 1 0 0 14 0.580 0.699 0.702 0.747 0.791 0.821 0.853 0.872 0.890 0.906
1 0 0 1 0 0 15 0.511 0.589 0.624 0.675 0.723 0.767 0.795 0.824 0.900 0.884
## root/medium_electron_UL2017/egammaEffi.txt_EGM2D_MediumID_QMinus_hsseo_v2_1.root EGamma_EffData2D
ETA 1 0 16 -1 -2.5 -2.1 -1.8 -1.566 -1.444 -1.1 -0.8 -0.4 0.0 0.4 0.8 1.1 1.444 1.566 1.8 2.1 2.5
PT 1 0 10 -1 10.0 15.0 20.0 25.0 30.0 35.0 40.0 45.0 70.0 100.0 500.0
1 0 0 0 0 1 0 0.563 0.612 0.651 0.696 0.745 0.784 0.812 0.840 0.882 0.916
1 0 0 0 0 1 1 0.638 0.693 0.718 0.745 0.793 0.823 0.854 0.870 0.890 0.918
1 0 0 0 0 1 2 0.642 0.722 0.711 0.755 0.800 0.837 0.866 0.881 0.916 0.930
1 0 0 0 0 1 3 0.599 0.608 0.444 0.491 0.594 0.681 0.739 0.758 0.725 0.802
1 0 0 0 0 1 4 0.496 0.603 0.625 0.695 0.742 0.789 0.832 0.856 0.885 0.924
1 0 0 0 0 1 5 0.515 0.641 0.637 0.727 0.773 0.821 0.860 0.882 0.899 0.938
1 0 0 0 0 1 6 0.490 0.604 0.647 0.698 0.756 0.807 0.847 0.869 0.890 0.928
1 0 0 0 0 1 7 0.449 0.571 0.658 0.712 0.761 0.815 0.852 0.872 0.896 0.931
1 0 0 0 0 1 8 0.457 0.602 0.656 0.708 0.772 0.817 0.856 0.875 0.909 0.925
1 0 0 0 0 1 9 0.496 0.605 0.649 0.705 0.762 0.813 0.855 0.876 0.894 0.940
1 0 0 0 0 1 10 0.504 0.641 0.657 0.716 0.772 0.821 0.861 0.883 0.918 0.933
1 0 0 0 0 1 11 0.480 0.611 0.620 0.669 0.731 0.779 0.824 0.848 0.892 0.921
1 0 0 0 0 1 12 0.604 0.533 0.424 0.496 0.586 0.664 0.719 0.742 0.746 0.736
1 0 0 0 0 1 13 0.634 0.673 0.683 0.750 0.794 0.830 0.860 0.878 0.912 0.924
1 0 0 0 0 1 14 0.686 0.698 0.710 0.750 0.786 0.823 0.854 0.873 0.886 0.915
1 0 0 0 0 1 15 0.569 0.640 0.654 0.712 0.758 0.791 0.823 0.846 0.899 0.931
## root/medium_electron_UL2017/egammaEffi.txt_EGM2D_MediumID_QMinus_hsseo_v2_1.root EGamma_EffMC2D
ETA 1 0 16 -1 -2.5 -2.1 -1.8 -1.566 -1.444 -1.1 -0.8 -0.4 0.0 0.4 0.8 1.1 1.444 1.566 1.8 2.1 2.5
PT 1 0 10 -1 10.0 15.0 20.0 25.0 30.0 35.0 40.0 45.0 70.0 100.0 500.0
1 0 0 1 0 1 0 0.515 0.578 0.608 0.672 0.719 0.762 0.798 0.822 0.874 0.881
1 0 0 1 0 1 1 0.584 0.693 0.701 0.747 0.789 0.825 0.853 0.872 0.894 0.919
1 0 0 1 0 1 2 0.616 0.699 0.697 0.753 0.805 0.831 0.862 0.879 0.912 0.909
1 0 0 1 0 1 3 0.441 0.523 0.411 0.506 0.576 0.658 0.727 0.745 0.692 0.666
1 0 0 1 0 1 4 0.459 0.602 0.634 0.694 0.745 0.795 0.843 0.869 0.889 0.924
1 0 0 1 0 1 5 0.502 0.629 0.672 0.736 0.788 0.835 0.874 0.895 0.921 0.929
1 0 0 1 0 1 6 0.489 0.621 0.657 0.720 0.775 0.826 0.867 0.888 0.913 0.917
1 0 0 1 0 1 7 0.461 0.597 0.674 0.745 0.793 0.840 0.876 0.895 0.909 0.924
1 0 0 1 0 1 8 0.423 0.605 0.679 0.734 0.788 0.837 0.873 0.892 0.908 0.928
1 0 0 1 0 1 9 0.476 0.604 0.658 0.714 0.776 0.827 0.865 0.887 0.905 0.924
1 0 0 1 0 1 10 0.514 0.618 0.667 0.721 0.776 0.830 0.869 0.891 0.906 0.922
1 0 0 1 0 1 11 0.475 0.578 0.631 0.681 0.730 0.786 0.833 0.861 0.889 0.900
1 0 0 1 0 1 12 0.443 0.534 0.439 0.508 0.588 0.656 0.723 0.745 0.705 0.747
1 0 0 1 0 1 13 0.620 0.698 0.687 0.753 0.797 0.833 0.861 0.880 0.913 0.924
1 0 0 1 0 1 14 0.619 0.705 0.701 0.747 0.787 0.821 0.852 0.871 0.898 0.940
1 0 0 1 0 1 15 0.509 0.582 0.620 0.680 0.725 0.765 0.797 0.826 0.875 0.924
## root/medium_electron_UL2017/egammaEffi.txt_EGM2D_Ele27Or_MediumID_QPlus_hsseo_v2_1.root EGamma_EffData2D
ETA 1 1 16 -1 -2.5 -2.1 -1.8 -1.566 -1.444 -1.1 -0.8 -0.4 0.0 0.4 0.8 1.1 1.444 1.566 1.8 2.1 2.5
PT 1 1 10 -1 10.0 15.0 20.0 25.0 30.0 35.0 40.0 45.0 70.0 100.0 500.0
1 0 0 0 1 0 0 0.000 0.000 0.000 0.170 0.570 0.736 0.772 0.809 0.875 0.894
1 0 0 0 1 0 1 0.000 0.000 0.000 0.194 0.631 0.794 0.816 0.837 0.890 0.915
1 0 0 0 1 0 2 0.000 0.000 0.000 0.207 0.625 0.797 0.828 0.847 0.889 0.887
1 0 0 0 1 0 3 0.000 0.000 0.000 0.317 0.659 0.785 0.810 0.822 0.873 0.854
1 0 0 0 1 0 4 0.000 0.000 0.000 0.159 0.570 0.786 0.822 0.843 0.888 0.914
1 0 0 0 1 0 5 0.000 0.000 0.000 0.254 0.683 0.849 0.865 0.875 0.914 0.938
1 0 0 0 1 0 6 0.000 0.000 0.000 0.288 0.710 0.850 0.865 0.879 0.913 0.923
1 0 0 0 1 0 7 0.000 0.000 0.000 0.246 0.668 0.831 0.849 0.862 0.900 0.924
1 0 0 0 1 0 8 0.000 0.000 0.000 0.266 0.678 0.821 0.836 0.847 0.876 0.904
1 0 0 0 1 0 9 0.000 0.000 0.000 0.292 0.706 0.827 0.839 0.853 0.897 0.907
1 0 0 0 1 0 10 0.000 0.000 0.000 0.216 0.641 0.825 0.844 0.853 0.894 0.907
1 0 0 0 1 0 11 0.000 0.000 0.000 0.125 0.509 0.757 0.793 0.818 0.858 0.902
1 0 0 0 1 0 12 0.000 0.000 0.000 0.259 0.627 0.772 0.805 0.826 0.863 0.824
1 0 0 0 1 0 13 0.000 0.000 0.000 0.182 0.609 0.801 0.833 0.853 0.907 0.918
1 0 0 0 1 0 14 0.000 0.000 0.000 0.148 0.573 0.777 0.810 0.825 0.879 0.903
1 0 0 0 1 0 15 0.000 0.000 0.000 0.128 0.482 0.700 0.746 0.784 0.868 0.877
## root/medium_electron_UL2017/egammaEffi.txt_EGM2D_Ele27Or_MediumID_QPlus_hsseo_v2_1.root EGamma_EffMC2D
ETA 1 1 16 -1 -2.5 -2.1 -1.8 -1.566 -1.444 -1.1 -0.8 -0.4 0.0 0.4 0.8 1.1 1.444 1.566 1.8 2.1 2.5
PT 1 1 10 -1 10.0 15.0 20.0 25.0 30.0 35.0 40.0 45.0 70.0 100.0 500.0
1 0 0 1 1 0 0 0.000 0.000 0.000 0.352 0.627 0.698 0.742 0.779 0.828 0.844
1 0 0 1 1 0 1 0.000 0.000 0.000 0.348 0.748 0.825 0.847 0.863 0.922 0.915
1 0 0 1 1 0 2 0.000 0.000 0.000 0.339 0.781 0.834 0.856 0.872 0.901 0.917
1 0 0 1 1 0 3 0.000 0.000 0.000 0.493 0.757 0.800 0.826 0.843 0.894 0.837
1 0 0 1 1 0 4 0.000 0.000 0.000 0.445 0.757 0.802 0.831 0.851 0.894 0.910
1 0 0 1 1 0 5 0.000 0.000 0.000 0.519 0.816 0.852 0.868 0.879 0.907 0.943
1 0 0 1 1 0 6 0.000 0.000 0.000 0.545 0.818 0.850 0.864 0.880 0.915 0.924
1 0 0 1 1 0 7 0.000 0.000 0.000 0.539 0.820 0.853 0.869 0.881 0.908 0.935
1 0 0 1 1 0 8 0.000 0.000 0.000 0.531 0.816 0.847 0.858 0.871 0.905 0.917
1 0 0 1 1 0 9 0.000 0.000 0.000 0.539 0.813 0.841 0.856 0.869 0.902 0.925
1 0 0 1 1 0 10 0.000 0.000 0.000 0.493 0.804 0.838 0.859 0.868 0.908 0.934
1 0 0 1 1 0 11 0.000 0.000 0.000 0.412 0.734 0.782 0.810 0.832 0.883 0.910
1 0 0 1 1 0 12 0.000 0.000 0.000 0.487 0.738 0.786 0.822 0.846 0.862 0.845
1 0 0 1 1 0 13 0.000 0.000 0.000 0.349 0.775 0.834 0.864 0.877 0.912 0.931
1 0 0 1 1 0 14 0.000 0.000 0.000 0.337 0.766 0.821 0.842 0.856 0.890 0.927
1 0 0 1 1 0 15 0.000 0.000 0.000 0.353 0.617 0.685 0.724 0.764 0.824 0.897
## root/medium_electron_UL2017/egammaEffi.txt_EGM2D_Ele27Or_MediumID_QMinus_hsseo_v2_1.root EGamma_EffData2D
ETA 1 1 16 -1 -2.5 -2.1 -1.8 -1.566 -1.444 -1.1 -0.8 -0.4 0.0 0.4 0.8 1.1 1.444 1.566 1.8 2.1 2.5
PT 1 1 10 -1 10.0 15.0 20.0 25.0 30.0 35.0 40.0 45.0 70.0 100.0 500.0
1 0 0 0 1 1 0 0.000 0.000 0.000 0.172 0.571 0.737 0.775 0.799 0.855 0.897
1 0 0 0 1 1 1 0.000 0.000 0.000 0.195 0.627 0.794 0.817 0.837 0.885 0.917
1 0 0 0 1 1 2 0.000 0.000 0.000 0.211 0.622 0.797 0.829 0.847 0.898 0.899
1 0 0 0 1 1 3 0.000 0.000 0.000 0.321 0.662 0.784 0.807 0.824 0.853 0.842
1 0 0 0 1 1 4 0.000 0.000 0.000 0.164 0.571 0.784 0.820 0.844 0.884 0.920
1 0 0 0 1 1 5 0.000 0.000 0.000 0.257 0.688 0.848 0.866 0.876 0.919 0.935
1 0 0 0 1 1 6 0.000 0.000 0.000 0.286 0.711 0.850 0.865 0.879 0.909 0.927
1 0 0 0 1 1 7 0.000 0.000 0.000 0.250 0.670 0.835 0.849 0.863 0.902 0.912
1 0 0 0 1 1 8 0.000 0.000 0.000 0.259 0.672 0.818 0.831 0.848 0.878 0.905
1 0 0 0 1 1 9 0.000 0.000 0.000 0.292 0.704 0.825 0.841 0.854 0.883 0.909
1 0 0 0 1 1 10 0.000 0.000 0.000 0.220 0.639 0.824 0.844 0.853 0.887 0.914
1 0 0 0 1 1 11 0.000 0.000 0.000 0.123 0.509 0.759 0.793 0.818 0.873 0.893
1 0 0 0 1 1 12 0.000 0.000 0.000 0.264 0.629 0.780 0.800 0.819 0.848 0.849
1 0 0 0 1 1 13 0.000 0.000 0.000 0.182 0.609 0.806 0.834 0.855 0.895 0.917
1 0 0 0 1 1 14 0.000 0.000 0.000 0.147 0.571 0.773 0.806 0.823 0.867 0.900
1 0 0 0 1 1 15 0.000 0.000 0.000 0.131 0.482 0.693 0.747 0.778 0.839 0.871
## root/medium_electron_UL2017/egammaEffi.txt_EGM2D_Ele27Or_MediumID_QMinus_hsseo_v2_1.root EGamma_EffMC2D
ETA 1 1 16 -1 -2.5 -2.1 -1.8 -1.566 -1.444 -1.1 -0.8 -0.4 0.0 0.4 0.8 1.1 1.444 1.566 1.8 2.1 2.5
PT 1 1 10 -1 10.0 15.0 20.0 25.0 30.0 35.0 40.0 45.0 70.0 100.0 500.0
1 0 0 1 1 1 0 0.000 0.000 0.000 0.357 0.623 0.697 0.740 0.773 0.828 0.895
1 0 0 1 1 1 1 0.000 0.000 0.000 0.353 0.755 0.823 0.848 0.862 0.919 0.914
1 0 0 1 1 1 2 0.000 0.000 0.000 0.339 0.782 0.832 0.857 0.869 0.908 0.925
1 0 0 1 1 1 3 0.000 0.000 0.000 0.481 0.754 0.797 0.825 0.839 0.871 0.860
1 0 0 1 1 1 4 0.000 0.000 0.000 0.442 0.757 0.801 0.831 0.850 0.896 0.929
1 0 0 1 1 1 5 0.000 0.000 0.000 0.528 0.818 0.855 0.871 0.882 0.916 0.933
1 0 0 1 1 1 6 0.000 0.000 0.000 0.551 0.823 0.852 0.867 0.880 0.902 0.925
1 0 0 1 1 1 7 0.000 0.000 0.000 0.543 0.823 0.854 0.868 0.879 0.910 0.926
1 0 0 1 1 1 8 0.000 0.000 0.000 0.519 0.808 0.845 0.857 0.871 0.901 0.920
1 0 0 1 1 1 9 0.000 0.000 0.000 0.524 0.810 0.840 0.856 0.871 0.908 0.919
1 0 0 1 1 1 10 0.000 0.000 0.000 0.497 0.801 0.841 0.857 0.867 0.915 0.919
1 0 0 1 1 1 11 0.000 0.000 0.000 0.413 0.733 0.777 0.809 0.829 0.877 0.904
1 0 0 1 1 1 12 0.000 0.000 0.000 0.473 0.736 0.787 0.825 0.836 0.860 0.865
1 0 0 1 1 1 13 0.000 0.000 0.000 0.352 0.782 0.838 0.860 0.876 0.908 0.925
1 0 0 1 1 1 14 0.000 0.000 0.000 0.341 0.763 0.824 0.841 0.854 0.908 0.915
1 0 0 1 1 1 15 0.000 0.000 0.000 0.350 0.616 0.685 0.729 0.765 0.855 0.851
## root/medium_electron_UL2017/egammaEffi.txt_EGM2D_Ele23Leg1_MediumID_QPlus_hsseo_v2_1.root EGamma_EffData2D
ETA 1 2 16 -1 -2.5 -2.1 -1.8 -1.566 -1.444 -1.1 -0.8 -0.4 0.0 0.4 0.8 1.1 1.444 1.566 1.8 2.1 2.5
PT 1 2 10 -1 10.0 15.0 20.0 25.0 30.0 35.0 40.0 45.0 70.0 100.0 500.0
1 0 0 0 2 0 0 0.000 0.000 0.235 0.832 0.913 0.935 0.948 0.958 0.978 0.982
1 0 0 0 2 0 1 0.000 0.000 0.251 0.928 0.962 0.967 0.971 0.975 0.985 0.985
1 0 0 0 2 0 2 0.000 0.000 0.308 0.919 0.952 0.959 0.967 0.972 0.982 0.976
1 0 0 0 2 0 3 0.000 0.000 0.503 0.903 0.942 0.949 0.943 0.941 0.945 0.938
1 0 0 0 2 0 4 0.000 0.000 0.280 0.890 0.925 0.937 0.946 0.950 0.972 0.971
1 0 0 0 2 0 5 0.000 0.000 0.284 0.914 0.940 0.952 0.958 0.958 0.975 0.981
1 0 0 0 2 0 6 0.000 0.000 0.312 0.919 0.940 0.954 0.958 0.965 0.979 0.977
1 0 0 0 2 0 7 0.000 0.000 0.300 0.897 0.921 0.941 0.947 0.955 0.976 0.975
1 0 0 0 2 0 8 0.000 0.000 0.301 0.904 0.921 0.936 0.940 0.945 0.959 0.967
1 0 0 0 2 0 9 0.000 0.000 0.312 0.915 0.935 0.944 0.946 0.953 0.966 0.963
1 0 0 0 2 0 10 0.000 0.000 0.275 0.907 0.934 0.947 0.952 0.949 0.966 0.964
1 0 0 0 2 0 11 0.000 0.000 0.260 0.870 0.903 0.917 0.925 0.931 0.940 0.956
1 0 0 0 2 0 12 0.000 0.000 0.418 0.896 0.940 0.948 0.946 0.944 0.948 0.914
1 0 0 0 2 0 13 0.000 0.000 0.259 0.908 0.956 0.963 0.971 0.976 0.990 0.980
1 0 0 0 2 0 14 0.000 0.000 0.208 0.902 0.951 0.962 0.968 0.969 0.984 0.983
1 0 0 0 2 0 15 0.000 0.000 0.193 0.749 0.863 0.904 0.925 0.941 0.969 0.975
## root/medium_electron_UL2017/egammaEffi.txt_EGM2D_Ele23Leg1_MediumID_QPlus_hsseo_v2_1.root EGamma_EffMC2D
ETA 1 2 16 -1 -2.5 -2.1 -1.8 -1.566 -1.444 -1.1 -0.8 -0.4 0.0 0.4 0.8 1.1 1.444 1.566 1.8 2.1 2.5
PT 1 2 10 -1 10.0 15.0 20.0 25.0 30.0 35.0 40.0 45.0 70.0 100.0 500.0
1 0 0 1 2 0 0 0.000 0.000 0.402 0.823 0.915 0.943 0.959 0.967 0.976 0.973
1 0 0 1 2 0 1 0.000 0.000 0.314 0.900 0.970 0.977 0.979 0.981 0.988 0.988
1 0 0 1 2 0 2 0.000 0.000 0.269 0.910 0.955 0.967 0.969 0.972 0.977 0.981
1 0 0 1 2 0 3 0.000 0.000 0.569 0.899 0.940 0.942 0.940 0.941 0.948 0.929
1 0 0 1 2 0 4 0.000 0.000 0.453 0.900 0.925 0.934 0.940 0.945 0.959 0.964
1 0 0 1 2 0 5 0.000 0.000 0.447 0.923 0.943 0.956 0.959 0.959 0.967 0.979
1 0 0 1 2 0 6 0.000 0.000 0.460 0.919 0.938 0.949 0.954 0.961 0.967 0.975
1 0 0 1 2 0 7 0.000 0.000 0.462 0.918 0.938 0.953 0.958 0.962 0.970 0.975
1 0 0 1 2 0 8 0.000 0.000 0.457 0.920 0.939 0.950 0.951 0.957 0.965 0.963
1 0 0 1 2 0 9 0.000 0.000 0.459 0.922 0.940 0.949 0.951 0.957 0.971 0.970
1 0 0 1 2 0 10 0.000 0.000 0.433 0.913 0.941 0.952 0.957 0.957 0.972 0.977
1 0 0 1 2 0 11 0.000 0.000 0.426 0.880 0.907 0.918 0.925 0.931 0.951 0.962
1 0 0 1 2 0 12 0.000 0.000 0.489 0.873 0.933 0.935 0.939 0.945 0.941 0.930
1 0 0 1 2 0 13 0.000 0.000 0.290 0.903 0.956 0.967 0.972 0.973 0.984 0.979
1 0 0 1 2 0 14 0.000 0.000 0.284 0.903 0.968 0.973 0.976 0.978 0.982 0.987
1 0 0 1 2 0 15 0.000 0.000 0.400 0.819 0.906 0.936 0.955 0.965 0.976 0.991
## root/medium_electron_UL2017/egammaEffi.txt_EGM2D_Ele23Leg1_MediumID_QMinus_hsseo_v2_1.root EGamma_EffData2D
ETA 1 2 16 -1 -2.5 -2.1 -1.8 -1.566 -1.444 -1.1 -0.8 -0.4 0.0 0.4 0.8 1.1 1.444 1.566 1.8 2.1 2.5
PT 1 2 10 -1 10.0 15.0 20.0 25.0 30.0 35.0 40.0 45.0 70.0 100.0 500.0
1 0 0 0 2 1 0 0.000 0.000 0.231 0.831 0.911 0.935 0.948 0.957 0.976 0.982
1 0 0 0 2 1 1 0.000 0.000 0.242 0.931 0.961 0.967 0.970 0.974 0.984 0.991
1 0 0 0 2 1 2 0.000 0.000 0.297 0.927 0.953 0.960 0.969 0.972 0.984 0.986
1 0 0 0 2 1 3 0.000 0.000 0.479 0.906 0.949 0.951 0.942 0.942 0.957 0.925
1 0 0 0 2 1 4 0.000 0.000 0.294 0.891 0.929 0.939 0.945 0.952 0.966 0.968
1 0 0 0 2 1 5 0.000 0.000 0.297 0.918 0.944 0.954 0.958 0.959 0.973 0.978
1 0 0 0 2 1 6 0.000 0.000 0.321 0.924 0.942 0.955 0.958 0.965 0.977 0.980
1 0 0 0 2 1 7 0.000 0.000 0.295 0.907 0.924 0.944 0.947 0.955 0.971 0.972
1 0 0 0 2 1 8 0.000 0.000 0.305 0.894 0.915 0.933 0.937 0.946 0.960 0.968
1 0 0 0 2 1 9 0.000 0.000 0.310 0.911 0.928 0.942 0.946 0.953 0.965 0.971
1 0 0 0 2 1 10 0.000 0.000 0.277 0.905 0.933 0.944 0.950 0.949 0.962 0.967
1 0 0 0 2 1 11 0.000 0.000 0.263 0.869 0.903 0.916 0.924 0.931 0.955 0.964
1 0 0 0 2 1 12 0.000 0.000 0.423 0.880 0.940 0.950 0.947 0.944 0.953 0.953
1 0 0 0 2 1 13 0.000 0.000 0.258 0.906 0.955 0.965 0.971 0.975 0.987 0.985
1 0 0 0 2 1 14 0.000 0.000 0.199 0.900 0.951 0.960 0.966 0.970 0.975 0.976
1 0 0 0 2 1 15 0.000 0.000 0.204 0.757 0.856 0.899 0.925 0.940 0.967 0.961
## root/medium_electron_UL2017/egammaEffi.txt_EGM2D_Ele23Leg1_MediumID_QMinus_hsseo_v2_1.root EGamma_EffMC2D
ETA 1 2 16 -1 -2.5 -2.1 -1.8 -1.566 -1.444 -1.1 -0.8 -0.4 0.0 0.4 0.8 1.1 1.444 1.566 1.8 2.1 2.5
PT 1 2 10 -1 10.0 15.0 20.0 25.0 30.0 35.0 40.0 45.0 70.0 100.0 500.0
1 0 0 1 2 1 0 0.000 0.000 0.405 0.822 0.915 0.941 0.956 0.965 0.965 0.986
1 0 0 1 2 1 1 0.000 0.000 0.310 0.897 0.969 0.978 0.979 0.980 0.992 0.988
1 0 0 1 2 1 2 0.000 0.000 0.275 0.905 0.957 0.964 0.970 0.972 0.975 0.980
1 0 0 1 2 1 3 0.000 0.000 0.533 0.900 0.938 0.940 0.941 0.938 0.962 0.949
1 0 0 1 2 1 4 0.000 0.000 0.455 0.901 0.928 0.935 0.942 0.945 0.958 0.968
1 0 0 1 2 1 5 0.000 0.000 0.458 0.927 0.946 0.957 0.960 0.960 0.973 0.976
1 0 0 1 2 1 6 0.000 0.000 0.471 0.925 0.942 0.952 0.955 0.961 0.966 0.970
1 0 0 1 2 1 7 0.000 0.000 0.459 0.922 0.942 0.954 0.959 0.962 0.975 0.976
1 0 0 1 2 1 8 0.000 0.000 0.450 0.910 0.933 0.948 0.951 0.955 0.968 0.971
1 0 0 1 2 1 9 0.000 0.000 0.450 0.914 0.934 0.946 0.950 0.958 0.967 0.971
1 0 0 1 2 1 10 0.000 0.000 0.439 0.916 0.938 0.951 0.956 0.956 0.971 0.966
1 0 0 1 2 1 11 0.000 0.000 0.423 0.876 0.904 0.914 0.925 0.930 0.945 0.953
1 0 0 1 2 1 12 0.000 0.000 0.511 0.888 0.930 0.940 0.939 0.942 0.934 0.944
1 0 0 1 2 1 13 0.000 0.000 0.280 0.904 0.955 0.968 0.970 0.972 0.982 0.978
1 0 0 1 2 1 14 0.000 0.000 0.283 0.902 0.969 0.975 0.976 0.976 0.986 0.989
1 0 0 1 2 1 15 0.000 0.000 0.410 0.813 0.909 0.934 0.954 0.964 0.979 0.986
## root/medium_electron_UL2017/egammaEffi.txt_EGM2D_Ele12Leg2_MediumID_QPlus_hsseo_v2_1.root EGamma_EffData2D
ETA 1 3 16 -1 -2.5 -2.1 -1.8 -1.566 -1.444 -1.1 -0.8 -0.4 0.0 0.4 0.8 1.1 1.444 1.566 1.8 2.1 2.5
PT 1 3 10 -1 10.0 15.0 20.0 25.0 30.0 35.0 40.0 45.0 70.0 100.0 500.0
1 0 0 0 3 0 0 0.331 0.714 0.820 0.873 0.914 0.936 0.949 0.959 0.980 0.984
1 0 0 0 3 0 1 0.354 0.853 0.932 0.952 0.963 0.967 0.971 0.975 0.986 0.987
1 0 0 0 3 0 2 0.379 0.834 0.925 0.946 0.953 0.958 0.967 0.972 0.982 0.979
1 0 0 0 3 0 3 0.472 0.866 0.926 0.926 0.943 0.949 0.944 0.941 0.945 0.940
1 0 0 0 3 0 4 0.437 0.871 0.909 0.913 0.926 0.937 0.946 0.950 0.972 0.975
1 0 0 0 3 0 5 0.507 0.920 0.915 0.926 0.940 0.952 0.959 0.958 0.976 0.982
1 0 0 0 3 0 6 0.614 0.936 0.928 0.927 0.940 0.954 0.958 0.965 0.979 0.979
1 0 0 0 3 0 7 0.654 0.921 0.906 0.904 0.921 0.942 0.947 0.955 0.976 0.977
1 0 0 0 3 0 8 0.645 0.910 0.899 0.909 0.921 0.936 0.940 0.946 0.959 0.968
1 0 0 0 3 0 9 0.595 0.920 0.927 0.921 0.935 0.944 0.946 0.953 0.966 0.966
1 0 0 0 3 0 10 0.512 0.907 0.916 0.923 0.935 0.947 0.952 0.950 0.967 0.966
1 0 0 0 3 0 11 0.442 0.835 0.873 0.894 0.904 0.917 0.925 0.931 0.940 0.957
1 0 0 0 3 0 12 0.469 0.862 0.909 0.929 0.943 0.948 0.946 0.944 0.948 0.917
1 0 0 0 3 0 13 0.352 0.822 0.910 0.953 0.958 0.963 0.972 0.977 0.991 0.983
1 0 0 0 3 0 14 0.331 0.815 0.912 0.941 0.953 0.962 0.968 0.969 0.984 0.985
1 0 0 0 3 0 15 0.251 0.646 0.722 0.798 0.860 0.905 0.926 0.942 0.969 0.976
## root/medium_electron_UL2017/egammaEffi.txt_EGM2D_Ele12Leg2_MediumID_QPlus_hsseo_v2_1.root EGamma_EffMC2D
ETA 1 3 16 -1 -2.5 -2.1 -1.8 -1.566 -1.444 -1.1 -0.8 -0.4 0.0 0.4 0.8 1.1 1.444 1.566 1.8 2.1 2.5
PT 1 3 10 -1 10.0 15.0 20.0 25.0 30.0 35.0 40.0 45.0 70.0 100.0 500.0
1 0 0 1 3 0 0 0.474 0.828 0.895 0.921 0.940 0.952 0.961 0.968 0.976 0.974
1 0 0 1 3 0 1 0.492 0.917 0.953 0.964 0.973 0.977 0.980 0.981 0.989 0.989
1 0 0 1 3 0 2 0.468 0.906 0.942 0.953 0.957 0.967 0.969 0.972 0.977 0.984
1 0 0 1 3 0 3 0.606 0.905 0.915 0.928 0.941 0.942 0.941 0.941 0.948 0.934
1 0 0 1 3 0 4 0.572 0.871 0.899 0.913 0.925 0.934 0.940 0.945 0.959 0.965
1 0 0 1 3 0 5 0.625 0.927 0.917 0.930 0.944 0.956 0.959 0.959 0.968 0.982
1 0 0 1 3 0 6 0.708 0.924 0.923 0.924 0.938 0.949 0.955 0.961 0.967 0.976
1 0 0 1 3 0 7 0.733 0.930 0.915 0.922 0.938 0.953 0.958 0.962 0.970 0.977
1 0 0 1 3 0 8 0.720 0.930 0.920 0.923 0.940 0.950 0.951 0.957 0.965 0.965
1 0 0 1 3 0 9 0.724 0.931 0.927 0.928 0.941 0.949 0.951 0.957 0.972 0.973
1 0 0 1 3 0 10 0.629 0.926 0.924 0.925 0.942 0.952 0.957 0.957 0.972 0.978
1 0 0 1 3 0 11 0.537 0.871 0.881 0.894 0.907 0.918 0.925 0.931 0.951 0.963
1 0 0 1 3 0 12 0.564 0.905 0.906 0.913 0.936 0.936 0.940 0.945 0.941 0.930
1 0 0 1 3 0 13 0.479 0.906 0.933 0.951 0.959 0.968 0.972 0.974 0.985 0.980
1 0 0 1 3 0 14 0.487 0.916 0.946 0.962 0.970 0.974 0.976 0.978 0.982 0.987
1 0 0 1 3 0 15 0.493 0.813 0.880 0.918 0.936 0.947 0.958 0.966 0.978 0.991
## root/medium_electron_UL2017/egammaEffi.txt_EGM2D_Ele12Leg2_MediumID_QMinus_hsseo_v2_1.root EGamma_EffData2D
ETA 1 3 16 -1 -2.5 -2.1 -1.8 -1.566 -1.444 -1.1 -0.8 -0.4 0.0 0.4 0.8 1.1 1.444 1.566 1.8 2.1 2.5
PT 1 3 10 -1 10.0 15.0 20.0 25.0 30.0 35.0 40.0 45.0 70.0 100.0 500.0
1 0 0 0 3 1 0 0.304 0.721 0.807 0.874 0.913 0.937 0.949 0.959 0.978 0.985
1 0 0 0 3 1 1 0.348 0.855 0.929 0.954 0.961 0.968 0.970 0.975 0.984 0.993
1 0 0 0 3 1 2 0.361 0.826 0.924 0.953 0.954 0.960 0.969 0.972 0.984 0.985
1 0 0 0 3 1 3 0.525 0.869 0.921 0.927 0.949 0.951 0.942 0.942 0.957 0.925
1 0 0 0 3 1 4 0.421 0.869 0.908 0.922 0.930 0.939 0.945 0.952 0.966 0.970
1 0 0 0 3 1 5 0.520 0.921 0.926 0.930 0.944 0.954 0.958 0.959 0.973 0.979
1 0 0 0 3 1 6 0.656 0.935 0.937 0.933 0.943 0.955 0.958 0.965 0.977 0.981
1 0 0 0 3 1 7 0.612 0.927 0.911 0.913 0.925 0.944 0.947 0.956 0.971 0.973
1 0 0 0 3 1 8 0.603 0.908 0.903 0.899 0.914 0.933 0.937 0.946 0.960 0.969
1 0 0 0 3 1 9 0.638 0.925 0.921 0.917 0.928 0.942 0.946 0.953 0.965 0.973
1 0 0 0 3 1 10 0.535 0.905 0.920 0.921 0.934 0.944 0.950 0.949 0.962 0.969
1 0 0 0 3 1 11 0.452 0.823 0.879 0.893 0.904 0.916 0.924 0.931 0.955 0.964
1 0 0 0 3 1 12 0.452 0.883 0.911 0.921 0.943 0.950 0.947 0.944 0.953 0.953
1 0 0 0 3 1 13 0.366 0.818 0.918 0.947 0.957 0.965 0.971 0.975 0.988 0.987
1 0 0 0 3 1 14 0.339 0.804 0.899 0.939 0.952 0.961 0.966 0.970 0.976 0.978
1 0 0 0 3 1 15 0.286 0.623 0.731 0.799 0.859 0.902 0.927 0.942 0.967 0.962
## root/medium_electron_UL2017/egammaEffi.txt_EGM2D_Ele12Leg2_MediumID_QMinus_hsseo_v2_1.root EGamma_EffMC2D
ETA 1 3 16 -1 -2.5 -2.1 -1.8 -1.566 -1.444 -1.1 -0.8 -0.4 0.0 0.4 0.8 1.1 1.444 1.566 1.8 2.1 2.5
PT 1 3 10 -1 10.0 15.0 20.0 25.0 30.0 35.0 40.0 45.0 70.0 100.0 500.0
1 0 0 1 3 1 0 0.460 0.815 0.897 0.923 0.945 0.951 0.959 0.966 0.965 0.986
1 0 0 1 3 1 1 0.487 0.913 0.954 0.963 0.971 0.978 0.979 0.980 0.992 0.990
1 0 0 1 3 1 2 0.469 0.912 0.944 0.953 0.958 0.964 0.970 0.972 0.976 0.981
1 0 0 1 3 1 3 0.609 0.884 0.915 0.927 0.939 0.940 0.941 0.938 0.962 0.949
1 0 0 1 3 1 4 0.581 0.887 0.911 0.913 0.929 0.935 0.942 0.945 0.958 0.969
1 0 0 1 3 1 5 0.639 0.923 0.927 0.934 0.946 0.957 0.960 0.960 0.973 0.976
1 0 0 1 3 1 6 0.690 0.933 0.929 0.929 0.943 0.952 0.955 0.961 0.966 0.971
1 0 0 1 3 1 7 0.732 0.930 0.925 0.927 0.943 0.954 0.959 0.962 0.975 0.978
1 0 0 1 3 1 8 0.700 0.914 0.913 0.914 0.933 0.948 0.951 0.955 0.968 0.972
1 0 0 1 3 1 9 0.677 0.934 0.921 0.920 0.934 0.946 0.950 0.958 0.968 0.973
1 0 0 1 3 1 10 0.618 0.918 0.919 0.926 0.938 0.951 0.956 0.956 0.971 0.968
1 0 0 1 3 1 11 0.526 0.860 0.882 0.890 0.904 0.914 0.925 0.930 0.945 0.954
1 0 0 1 3 1 12 0.587 0.863 0.910 0.924 0.936 0.940 0.940 0.942 0.934 0.944
1 0 0 1 3 1 13 0.499 0.905 0.936 0.953 0.957 0.968 0.970 0.972 0.982 0.979
1 0 0 1 3 1 14 0.490 0.919 0.951 0.963 0.971 0.976 0.976 0.977 0.986 0.989
1 0 0 1 3 1 15 0.514 0.811 0.882 0.913 0.936 0.946 0.957 0.965 0.979 0.986
