## root/medium_muon_2017/2017_IDISO_plus.root muonEffi_data_eta_pt
ETA 0 0 48 -1 -2.4 -2.3 -2.2 -2.1 -2.0 -1.9 -1.8 -1.7 -1.6 -1.5 -1.4 -1.3 -1.2 -1.1 -1.0 -0.9 -0.8 -0.7 -0.6 -0.5 -0.4 -0.3 -0.2 -0.1 0.0 0.1 0.2 0.3 0.4 0.5 0.6 0.7 0.8 0.9 1.0 1.1 1.2 1.3 1.4 1.5 1.6 1.7 1.8 1.9 2.0 2.1 2.2 2.3 2.4
PT 0 0 10 -1 10.0 15.0 20.0 25.0 30.0 35.0 40.0 45.0 50.0 60.0 120.0
0 0 0 0 0 0 0 0.839 0.890 0.908 0.937 0.949 0.966 0.973 0.975 0.979 0.980
0 0 0 0 0 0 1 0.844 0.887 0.918 0.943 0.957 0.973 0.980 0.984 0.984 0.982
0 0 0 0 0 0 2 0.764 0.806 0.843 0.868 0.881 0.893 0.905 0.907 0.904 0.907
0 0 0 0 0 0 3 0.827 0.876 0.900 0.938 0.954 0.967 0.978 0.981 0.979 0.977
0 0 0 0 0 0 4 0.833 0.875 0.894 0.918 0.944 0.959 0.970 0.974 0.973 0.972
0 0 0 0 0 0 5 0.848 0.876 0.904 0.936 0.949 0.965 0.974 0.980 0.978 0.983
0 0 0 0 0 0 6 0.810 0.866 0.891 0.922 0.942 0.954 0.963 0.966 0.968 0.968
0 0 0 0 0 0 7 0.824 0.871 0.910 0.934 0.955 0.968 0.979 0.982 0.981 0.984
0 0 0 0 0 0 8 0.815 0.874 0.904 0.937 0.956 0.971 0.983 0.987 0.987 0.986
0 0 0 0 0 0 9 0.813 0.868 0.906 0.931 0.955 0.971 0.981 0.984 0.985 0.987
0 0 0 0 0 0 10 0.816 0.864 0.895 0.931 0.953 0.971 0.981 0.983 0.985 0.978
0 0 0 0 0 0 11 0.807 0.852 0.894 0.924 0.952 0.969 0.979 0.983 0.983 0.982
0 0 0 0 0 0 12 0.790 0.851 0.894 0.926 0.949 0.968 0.978 0.983 0.982 0.978
0 0 0 0 0 0 13 0.778 0.846 0.885 0.924 0.953 0.970 0.980 0.983 0.985 0.978
0 0 0 0 0 0 14 0.791 0.858 0.883 0.924 0.954 0.970 0.980 0.983 0.984 0.980
0 0 0 0 0 0 15 0.782 0.847 0.886 0.928 0.952 0.967 0.977 0.981 0.981 0.980
0 0 0 0 0 0 16 0.785 0.841 0.885 0.929 0.954 0.969 0.978 0.982 0.982 0.984
0 0 0 0 0 0 17 0.771 0.852 0.893 0.925 0.954 0.972 0.980 0.983 0.984 0.985
0 0 0 0 0 0 18 0.810 0.848 0.890 0.930 0.954 0.969 0.979 0.982 0.982 0.981
0 0 0 0 0 0 19 0.784 0.846 0.893 0.931 0.958 0.971 0.981 0.986 0.985 0.981
0 0 0 0 0 0 20 0.776 0.846 0.898 0.932 0.955 0.971 0.980 0.984 0.983 0.983
0 0 0 0 0 0 21 0.754 0.834 0.873 0.908 0.934 0.949 0.956 0.960 0.960 0.960
0 0 0 0 0 0 22 0.758 0.835 0.890 0.926 0.947 0.960 0.969 0.972 0.973 0.967
0 0 0 0 0 0 23 0.787 0.847 0.897 0.935 0.957 0.972 0.982 0.985 0.984 0.982
0 0 0 0 0 0 24 0.781 0.845 0.892 0.934 0.956 0.973 0.980 0.983 0.982 0.983
0 0 0 0 0 0 25 0.784 0.838 0.876 0.925 0.947 0.961 0.969 0.972 0.973 0.970
0 0 0 0 0 0 26 0.754 0.838 0.876 0.917 0.940 0.956 0.965 0.968 0.970 0.966
0 0 0 0 0 0 27 0.769 0.855 0.894 0.933 0.954 0.971 0.980 0.984 0.984 0.981
0 0 0 0 0 0 28 0.789 0.847 0.896 0.932 0.957 0.973 0.981 0.985 0.984 0.987
0 0 0 0 0 0 29 0.777 0.841 0.884 0.930 0.954 0.969 0.979 0.982 0.983 0.981
0 0 0 0 0 0 30 0.794 0.849 0.893 0.928 0.956 0.972 0.981 0.985 0.984 0.985
0 0 0 0 0 0 31 0.792 0.843 0.891 0.928 0.953 0.969 0.979 0.983 0.984 0.981
0 0 0 0 0 0 32 0.767 0.844 0.894 0.929 0.948 0.966 0.976 0.980 0.981 0.980
0 0 0 0 0 0 33 0.775 0.844 0.891 0.926 0.952 0.968 0.978 0.982 0.981 0.975
0 0 0 0 0 0 34 0.811 0.852 0.892 0.919 0.951 0.970 0.979 0.984 0.985 0.982
0 0 0 0 0 0 35 0.779 0.832 0.885 0.916 0.944 0.965 0.976 0.978 0.977 0.974
0 0 0 0 0 0 36 0.800 0.862 0.894 0.933 0.951 0.969 0.980 0.984 0.984 0.980
0 0 0 0 0 0 37 0.816 0.864 0.898 0.930 0.954 0.971 0.980 0.985 0.984 0.984
0 0 0 0 0 0 38 0.823 0.860 0.903 0.936 0.955 0.970 0.980 0.984 0.984 0.982
0 0 0 0 0 0 39 0.806 0.868 0.914 0.939 0.960 0.973 0.983 0.986 0.987 0.988
0 0 0 0 0 0 40 0.816 0.869 0.906 0.938 0.960 0.971 0.984 0.986 0.988 0.990
0 0 0 0 0 0 41 0.823 0.883 0.904 0.928 0.954 0.968 0.978 0.982 0.984 0.980
0 0 0 0 0 0 42 0.799 0.873 0.907 0.941 0.955 0.972 0.981 0.985 0.984 0.982
0 0 0 0 0 0 43 0.844 0.885 0.920 0.935 0.955 0.970 0.977 0.981 0.982 0.974
0 0 0 0 0 0 44 0.851 0.872 0.915 0.941 0.961 0.971 0.983 0.985 0.985 0.982
0 0 0 0 0 0 45 0.790 0.817 0.847 0.867 0.891 0.905 0.913 0.915 0.920 0.906
0 0 0 0 0 0 46 0.843 0.889 0.911 0.945 0.965 0.975 0.984 0.986 0.987 0.989
0 0 0 0 0 0 47 0.849 0.894 0.920 0.948 0.961 0.971 0.979 0.983 0.982 0.969
## root/medium_muon_2017/2017_IDISO_plus.root muonEffi_mc_eta_pt
ETA 0 0 48 -1 -2.4 -2.3 -2.2 -2.1 -2.0 -1.9 -1.8 -1.7 -1.6 -1.5 -1.4 -1.3 -1.2 -1.1 -1.0 -0.9 -0.8 -0.7 -0.6 -0.5 -0.4 -0.3 -0.2 -0.1 0.0 0.1 0.2 0.3 0.4 0.5 0.6 0.7 0.8 0.9 1.0 1.1 1.2 1.3 1.4 1.5 1.6 1.7 1.8 1.9 2.0 2.1 2.2 2.3 2.4
PT 0 0 10 -1 10.0 15.0 20.0 25.0 30.0 35.0 40.0 45.0 50.0 60.0 120.0
0 0 0 1 0 0 0 0.833 0.892 0.902 0.933 0.957 0.973 0.983 0.984 0.987 0.990
0 0 0 1 0 0 1 0.815 0.878 0.906 0.947 0.963 0.975 0.985 0.988 0.988 0.988
0 0 0 1 0 0 2 0.787 0.834 0.886 0.914 0.934 0.949 0.960 0.962 0.964 0.963
0 0 0 1 0 0 3 0.796 0.875 0.906 0.936 0.960 0.973 0.986 0.988 0.988 0.989
0 0 0 1 0 0 4 0.809 0.874 0.903 0.940 0.959 0.975 0.986 0.989 0.987 0.991
0 0 0 1 0 0 5 0.808 0.865 0.900 0.939 0.959 0.974 0.983 0.990 0.987 0.989
0 0 0 1 0 0 6 0.815 0.868 0.908 0.932 0.957 0.971 0.983 0.986 0.988 0.987
0 0 0 1 0 0 7 0.832 0.867 0.907 0.932 0.959 0.974 0.984 0.989 0.990 0.989
0 0 0 1 0 0 8 0.834 0.864 0.918 0.938 0.958 0.972 0.984 0.988 0.988 0.985
0 0 0 1 0 0 9 0.817 0.850 0.897 0.930 0.953 0.971 0.981 0.984 0.986 0.983
0 0 0 1 0 0 10 0.817 0.863 0.895 0.927 0.952 0.970 0.982 0.985 0.983 0.981
0 0 0 1 0 0 11 0.811 0.836 0.898 0.922 0.954 0.969 0.980 0.982 0.984 0.980
0 0 0 1 0 0 12 0.786 0.859 0.886 0.925 0.950 0.968 0.983 0.984 0.984 0.982
0 0 0 1 0 0 13 0.794 0.846 0.893 0.925 0.955 0.973 0.982 0.987 0.985 0.984
0 0 0 1 0 0 14 0.802 0.850 0.901 0.928 0.956 0.973 0.983 0.986 0.988 0.987
0 0 0 1 0 0 15 0.799 0.856 0.890 0.928 0.959 0.972 0.982 0.986 0.987 0.986
0 0 0 1 0 0 16 0.783 0.861 0.896 0.934 0.955 0.973 0.983 0.987 0.990 0.984
0 0 0 1 0 0 17 0.822 0.851 0.888 0.931 0.959 0.975 0.984 0.989 0.987 0.987
0 0 0 1 0 0 18 0.785 0.859 0.891 0.930 0.959 0.973 0.984 0.987 0.987 0.987
0 0 0 1 0 0 19 0.777 0.842 0.897 0.935 0.963 0.975 0.985 0.988 0.990 0.986
0 0 0 1 0 0 20 0.788 0.854 0.900 0.936 0.961 0.975 0.984 0.988 0.988 0.988
0 0 0 1 0 0 21 0.812 0.855 0.899 0.931 0.951 0.965 0.973 0.979 0.975 0.976
0 0 0 1 0 0 22 0.767 0.864 0.900 0.928 0.953 0.968 0.975 0.979 0.980 0.976
0 0 0 1 0 0 23 0.790 0.861 0.904 0.941 0.961 0.975 0.983 0.986 0.985 0.984
0 0 0 1 0 0 24 0.787 0.849 0.900 0.937 0.958 0.970 0.982 0.987 0.986 0.984
0 0 0 1 0 0 25 0.787 0.844 0.895 0.933 0.950 0.964 0.976 0.978 0.979 0.976
0 0 0 1 0 0 26 0.776 0.834 0.887 0.923 0.951 0.965 0.974 0.977 0.976 0.977
0 0 0 1 0 0 27 0.774 0.864 0.894 0.934 0.960 0.973 0.983 0.986 0.988 0.987
0 0 0 1 0 0 28 0.801 0.867 0.901 0.935 0.961 0.973 0.985 0.988 0.989 0.989
0 0 0 1 0 0 29 0.802 0.857 0.901 0.929 0.959 0.976 0.984 0.989 0.986 0.988
0 0 0 1 0 0 30 0.789 0.855 0.896 0.933 0.960 0.974 0.984 0.989 0.986 0.986
0 0 0 1 0 0 31 0.788 0.853 0.889 0.929 0.954 0.973 0.983 0.986 0.985 0.985
0 0 0 1 0 0 32 0.796 0.870 0.893 0.928 0.956 0.971 0.982 0.985 0.985 0.987
0 0 0 1 0 0 33 0.800 0.856 0.895 0.929 0.955 0.974 0.983 0.985 0.988 0.985
0 0 0 1 0 0 34 0.780 0.847 0.892 0.922 0.954 0.974 0.982 0.987 0.987 0.981
0 0 0 1 0 0 35 0.803 0.844 0.887 0.928 0.948 0.968 0.979 0.984 0.983 0.980
0 0 0 1 0 0 36 0.769 0.847 0.897 0.921 0.947 0.967 0.980 0.984 0.983 0.979
0 0 0 1 0 0 37 0.803 0.851 0.899 0.925 0.953 0.971 0.982 0.983 0.985 0.974
0 0 0 1 0 0 38 0.806 0.864 0.900 0.926 0.956 0.967 0.979 0.984 0.983 0.984
0 0 0 1 0 0 39 0.825 0.874 0.901 0.938 0.954 0.974 0.984 0.988 0.990 0.992
0 0 0 1 0 0 40 0.831 0.858 0.899 0.938 0.961 0.973 0.985 0.989 0.988 0.991
0 0 0 1 0 0 41 0.795 0.869 0.904 0.932 0.962 0.973 0.984 0.988 0.987 0.989
0 0 0 1 0 0 42 0.817 0.876 0.899 0.940 0.959 0.973 0.986 0.989 0.989 0.989
0 0 0 1 0 0 43 0.838 0.873 0.896 0.937 0.961 0.974 0.984 0.989 0.989 0.990
0 0 0 1 0 0 44 0.811 0.872 0.916 0.933 0.961 0.975 0.983 0.988 0.987 0.990
0 0 0 1 0 0 45 0.808 0.831 0.890 0.918 0.936 0.950 0.962 0.966 0.969 0.959
0 0 0 1 0 0 46 0.806 0.885 0.912 0.943 0.961 0.976 0.986 0.986 0.990 0.990
0 0 0 1 0 0 47 0.833 0.869 0.913 0.944 0.959 0.977 0.984 0.988 0.989 0.987
## root/medium_muon_2017/2017_IDISO_minus.root muonEffi_data_eta_pt
ETA 0 0 48 -1 -2.4 -2.3 -2.2 -2.1 -2.0 -1.9 -1.8 -1.7 -1.6 -1.5 -1.4 -1.3 -1.2 -1.1 -1.0 -0.9 -0.8 -0.7 -0.6 -0.5 -0.4 -0.3 -0.2 -0.1 0.0 0.1 0.2 0.3 0.4 0.5 0.6 0.7 0.8 0.9 1.0 1.1 1.2 1.3 1.4 1.5 1.6 1.7 1.8 1.9 2.0 2.1 2.2 2.3 2.4
PT 0 0 10 -1 10.0 15.0 20.0 25.0 30.0 35.0 40.0 45.0 50.0 60.0 120.0
0 0 0 0 0 1 0 0.840 0.888 0.913 0.934 0.955 0.966 0.974 0.978 0.975 0.971
0 0 0 0 0 1 1 0.838 0.879 0.902 0.937 0.961 0.972 0.982 0.983 0.981 0.987
0 0 0 0 0 1 2 0.776 0.811 0.832 0.865 0.885 0.894 0.904 0.907 0.903 0.895
0 0 0 0 0 1 3 0.829 0.885 0.915 0.933 0.955 0.967 0.980 0.981 0.981 0.970
0 0 0 0 0 1 4 0.807 0.850 0.905 0.927 0.948 0.962 0.970 0.973 0.972 0.968
0 0 0 0 0 1 5 0.825 0.862 0.915 0.932 0.950 0.964 0.975 0.977 0.981 0.979
0 0 0 0 0 1 6 0.823 0.853 0.895 0.921 0.941 0.953 0.962 0.965 0.969 0.967
0 0 0 0 0 1 7 0.834 0.872 0.904 0.937 0.956 0.968 0.979 0.981 0.983 0.982
0 0 0 0 0 1 8 0.842 0.873 0.911 0.939 0.961 0.972 0.982 0.987 0.986 0.990
0 0 0 0 0 1 9 0.821 0.874 0.904 0.930 0.956 0.970 0.981 0.984 0.984 0.985
0 0 0 0 0 1 10 0.809 0.855 0.900 0.936 0.952 0.971 0.981 0.984 0.982 0.986
0 0 0 0 0 1 11 0.813 0.843 0.901 0.924 0.951 0.967 0.980 0.983 0.985 0.981
0 0 0 0 0 1 12 0.768 0.851 0.883 0.928 0.949 0.968 0.979 0.981 0.982 0.977
0 0 0 0 0 1 13 0.798 0.852 0.899 0.927 0.953 0.970 0.980 0.984 0.983 0.978
0 0 0 0 0 1 14 0.794 0.848 0.896 0.926 0.952 0.969 0.979 0.982 0.984 0.983
0 0 0 0 0 1 15 0.814 0.856 0.886 0.927 0.952 0.969 0.979 0.982 0.982 0.981
0 0 0 0 0 1 16 0.779 0.847 0.890 0.924 0.952 0.969 0.979 0.983 0.983 0.979
0 0 0 0 0 1 17 0.779 0.842 0.894 0.927 0.955 0.971 0.980 0.983 0.983 0.984
0 0 0 0 0 1 18 0.757 0.851 0.883 0.926 0.953 0.969 0.978 0.981 0.982 0.983
0 0 0 0 0 1 19 0.779 0.849 0.896 0.931 0.958 0.972 0.982 0.985 0.985 0.984
0 0 0 0 0 1 20 0.793 0.836 0.893 0.932 0.955 0.969 0.979 0.984 0.984 0.983
0 0 0 0 0 1 21 0.766 0.815 0.865 0.901 0.934 0.947 0.958 0.960 0.961 0.955
0 0 0 0 0 1 22 0.790 0.836 0.888 0.925 0.945 0.962 0.969 0.972 0.972 0.968
0 0 0 0 0 1 23 0.746 0.850 0.898 0.934 0.957 0.971 0.981 0.985 0.986 0.979
0 0 0 0 0 1 24 0.763 0.836 0.902 0.934 0.956 0.971 0.980 0.983 0.982 0.981
0 0 0 0 0 1 25 0.783 0.831 0.889 0.923 0.945 0.961 0.969 0.974 0.972 0.972
0 0 0 0 0 1 26 0.782 0.844 0.884 0.914 0.941 0.956 0.964 0.968 0.970 0.966
0 0 0 0 0 1 27 0.766 0.842 0.893 0.931 0.955 0.971 0.980 0.983 0.982 0.984
0 0 0 0 0 1 28 0.790 0.855 0.889 0.933 0.958 0.973 0.982 0.985 0.985 0.983
0 0 0 0 0 1 29 0.768 0.842 0.896 0.926 0.955 0.970 0.979 0.982 0.983 0.982
0 0 0 0 0 1 30 0.796 0.849 0.890 0.924 0.956 0.971 0.981 0.985 0.985 0.983
0 0 0 0 0 1 31 0.780 0.837 0.889 0.924 0.951 0.970 0.980 0.983 0.983 0.980
0 0 0 0 0 1 32 0.773 0.845 0.896 0.927 0.951 0.969 0.977 0.980 0.980 0.980
0 0 0 0 0 1 33 0.786 0.845 0.892 0.927 0.950 0.968 0.977 0.981 0.979 0.978
0 0 0 0 0 1 34 0.785 0.838 0.882 0.925 0.951 0.970 0.979 0.984 0.983 0.980
0 0 0 0 0 1 35 0.769 0.854 0.889 0.923 0.945 0.963 0.975 0.978 0.978 0.972
0 0 0 0 0 1 36 0.807 0.860 0.897 0.926 0.954 0.970 0.981 0.984 0.983 0.980
0 0 0 0 0 1 37 0.808 0.870 0.892 0.927 0.955 0.972 0.981 0.984 0.984 0.983
0 0 0 0 0 1 38 0.816 0.873 0.903 0.936 0.954 0.971 0.981 0.984 0.985 0.984
0 0 0 0 0 1 39 0.829 0.878 0.904 0.936 0.961 0.973 0.983 0.986 0.989 0.986
0 0 0 0 0 1 40 0.817 0.887 0.910 0.935 0.961 0.974 0.984 0.986 0.988 0.990
0 0 0 0 0 1 41 0.824 0.862 0.909 0.935 0.954 0.968 0.978 0.981 0.981 0.987
0 0 0 0 0 1 42 0.815 0.875 0.911 0.931 0.957 0.972 0.980 0.985 0.982 0.988
0 0 0 0 0 1 43 0.844 0.873 0.908 0.937 0.955 0.970 0.978 0.981 0.982 0.981
0 0 0 0 0 1 44 0.813 0.891 0.910 0.941 0.960 0.973 0.983 0.986 0.987 0.988
0 0 0 0 0 1 45 0.795 0.807 0.843 0.865 0.890 0.902 0.912 0.916 0.916 0.911
0 0 0 0 0 1 46 0.865 0.903 0.924 0.945 0.965 0.976 0.984 0.987 0.986 0.985
0 0 0 0 0 1 47 0.843 0.893 0.919 0.942 0.962 0.970 0.980 0.981 0.979 0.981
## root/medium_muon_2017/2017_IDISO_minus.root muonEffi_mc_eta_pt
ETA 0 0 48 -1 -2.4 -2.3 -2.2 -2.1 -2.0 -1.9 -1.8 -1.7 -1.6 -1.5 -1.4 -1.3 -1.2 -1.1 -1.0 -0.9 -0.8 -0.7 -0.6 -0.5 -0.4 -0.3 -0.2 -0.1 0.0 0.1 0.2 0.3 0.4 0.5 0.6 0.7 0.8 0.9 1.0 1.1 1.2 1.3 1.4 1.5 1.6 1.7 1.8 1.9 2.0 2.1 2.2 2.3 2.4
PT 0 0 10 -1 10.0 15.0 20.0 25.0 30.0 35.0 40.0 45.0 50.0 60.0 120.0
0 0 0 1 0 1 0 0.836 0.885 0.917 0.936 0.957 0.974 0.984 0.986 0.987 0.982
0 0 0 1 0 1 1 0.826 0.876 0.913 0.947 0.959 0.975 0.982 0.985 0.989 0.989
0 0 0 1 0 1 2 0.778 0.849 0.880 0.913 0.936 0.949 0.957 0.962 0.968 0.961
0 0 0 1 0 1 3 0.811 0.867 0.910 0.933 0.958 0.973 0.985 0.986 0.991 0.990
0 0 0 1 0 1 4 0.848 0.862 0.907 0.939 0.958 0.971 0.984 0.988 0.990 0.993
0 0 0 1 0 1 5 0.844 0.867 0.898 0.941 0.958 0.972 0.984 0.988 0.991 0.991
0 0 0 1 0 1 6 0.813 0.873 0.910 0.930 0.953 0.971 0.984 0.986 0.988 0.987
0 0 0 1 0 1 7 0.816 0.876 0.897 0.938 0.957 0.973 0.984 0.989 0.989 0.991
0 0 0 1 0 1 8 0.828 0.860 0.906 0.931 0.953 0.972 0.983 0.988 0.989 0.988
0 0 0 1 0 1 9 0.802 0.877 0.895 0.925 0.955 0.970 0.981 0.984 0.986 0.983
0 0 0 1 0 1 10 0.813 0.860 0.889 0.928 0.953 0.969 0.980 0.985 0.981 0.982
0 0 0 1 0 1 11 0.799 0.842 0.887 0.926 0.951 0.970 0.981 0.984 0.986 0.980
0 0 0 1 0 1 12 0.796 0.846 0.886 0.924 0.950 0.970 0.981 0.986 0.987 0.985
0 0 0 1 0 1 13 0.805 0.834 0.888 0.930 0.954 0.973 0.983 0.987 0.987 0.983
0 0 0 1 0 1 14 0.797 0.858 0.897 0.929 0.957 0.972 0.981 0.986 0.984 0.986
0 0 0 1 0 1 15 0.800 0.863 0.895 0.924 0.956 0.973 0.982 0.987 0.986 0.984
0 0 0 1 0 1 16 0.812 0.858 0.889 0.934 0.957 0.973 0.984 0.988 0.988 0.987
0 0 0 1 0 1 17 0.801 0.846 0.899 0.939 0.959 0.975 0.984 0.988 0.987 0.989
0 0 0 1 0 1 18 0.775 0.852 0.895 0.939 0.960 0.975 0.985 0.986 0.987 0.985
0 0 0 1 0 1 19 0.821 0.838 0.900 0.937 0.959 0.975 0.984 0.989 0.988 0.991
0 0 0 1 0 1 20 0.805 0.864 0.904 0.936 0.960 0.975 0.985 0.989 0.988 0.986
0 0 0 1 0 1 21 0.766 0.842 0.891 0.929 0.953 0.964 0.974 0.977 0.976 0.978
0 0 0 1 0 1 22 0.780 0.838 0.895 0.933 0.952 0.967 0.977 0.979 0.977 0.972
0 0 0 1 0 1 23 0.769 0.847 0.907 0.939 0.961 0.974 0.984 0.987 0.985 0.986
0 0 0 1 0 1 24 0.778 0.841 0.903 0.933 0.961 0.973 0.982 0.986 0.985 0.986
0 0 0 1 0 1 25 0.755 0.835 0.893 0.933 0.956 0.967 0.976 0.979 0.977 0.978
0 0 0 1 0 1 26 0.819 0.839 0.893 0.926 0.951 0.964 0.974 0.975 0.977 0.976
0 0 0 1 0 1 27 0.796 0.848 0.903 0.935 0.959 0.974 0.983 0.987 0.987 0.986
0 0 0 1 0 1 28 0.775 0.854 0.905 0.936 0.961 0.975 0.985 0.988 0.988 0.987
0 0 0 1 0 1 29 0.780 0.865 0.890 0.930 0.960 0.975 0.985 0.988 0.988 0.986
0 0 0 1 0 1 30 0.813 0.849 0.899 0.925 0.958 0.974 0.984 0.985 0.989 0.983
0 0 0 1 0 1 31 0.791 0.848 0.896 0.926 0.959 0.971 0.983 0.985 0.984 0.982
0 0 0 1 0 1 32 0.775 0.858 0.891 0.933 0.956 0.972 0.983 0.984 0.985 0.987
0 0 0 1 0 1 33 0.800 0.848 0.897 0.921 0.956 0.973 0.983 0.985 0.985 0.986
0 0 0 1 0 1 34 0.800 0.858 0.879 0.932 0.958 0.972 0.983 0.987 0.985 0.982
0 0 0 1 0 1 35 0.799 0.836 0.896 0.923 0.950 0.969 0.980 0.985 0.984 0.980
0 0 0 1 0 1 36 0.778 0.849 0.883 0.928 0.951 0.970 0.981 0.986 0.984 0.980
0 0 0 1 0 1 37 0.795 0.840 0.888 0.932 0.951 0.969 0.980 0.984 0.983 0.977
0 0 0 1 0 1 38 0.824 0.859 0.901 0.929 0.950 0.972 0.981 0.986 0.983 0.980
0 0 0 1 0 1 39 0.835 0.863 0.906 0.933 0.960 0.973 0.984 0.988 0.989 0.987
0 0 0 1 0 1 40 0.825 0.864 0.905 0.936 0.960 0.976 0.984 0.987 0.989 0.990
0 0 0 1 0 1 41 0.831 0.878 0.895 0.930 0.960 0.975 0.986 0.989 0.991 0.992
0 0 0 1 0 1 42 0.795 0.877 0.908 0.934 0.960 0.974 0.986 0.990 0.988 0.990
0 0 0 1 0 1 43 0.814 0.891 0.910 0.932 0.958 0.975 0.985 0.988 0.990 0.989
0 0 0 1 0 1 44 0.818 0.871 0.911 0.943 0.961 0.973 0.985 0.988 0.991 0.992
0 0 0 1 0 1 45 0.838 0.864 0.880 0.914 0.936 0.946 0.960 0.965 0.970 0.966
0 0 0 1 0 1 46 0.827 0.875 0.902 0.939 0.959 0.974 0.983 0.988 0.987 0.984
0 0 0 1 0 1 47 0.828 0.888 0.915 0.943 0.963 0.976 0.982 0.990 0.990 0.987
## root/medium_muon_2017/2017_IsoMu27_plus.root muonEffi_data_eta_pt
ETA 0 1 48 -1 -2.4 -2.3 -2.2 -2.1 -2.0 -1.9 -1.8 -1.7 -1.6 -1.5 -1.4 -1.3 -1.2 -1.1 -1.0 -0.9 -0.8 -0.7 -0.6 -0.5 -0.4 -0.3 -0.2 -0.1 0.0 0.1 0.2 0.3 0.4 0.5 0.6 0.7 0.8 0.9 1.0 1.1 1.2 1.3 1.4 1.5 1.6 1.7 1.8 1.9 2.0 2.1 2.2 2.3 2.4
PT 0 1 7 -1 29.0 32.0 35.0 40.0 45.0 50.0 60.0 120.0
0 0 0 0 1 0 0 0.464 0.521 0.587 0.641 0.673 0.687 0.725
0 0 0 0 1 0 1 0.614 0.670 0.715 0.751 0.776 0.786 0.791
0 0 0 0 1 0 2 0.653 0.701 0.729 0.764 0.775 0.784 0.794
0 0 0 0 1 0 3 0.735 0.768 0.799 0.813 0.828 0.833 0.848
0 0 0 0 1 0 4 0.776 0.807 0.820 0.838 0.846 0.855 0.861
0 0 0 0 1 0 5 0.769 0.785 0.805 0.815 0.821 0.826 0.826
0 0 0 0 1 0 6 0.682 0.699 0.713 0.727 0.731 0.729 0.728
0 0 0 0 1 0 7 0.819 0.840 0.863 0.873 0.879 0.880 0.894
0 0 0 0 1 0 8 0.847 0.874 0.898 0.911 0.917 0.922 0.929
0 0 0 0 1 0 9 0.811 0.844 0.870 0.890 0.904 0.914 0.930
0 0 0 0 1 0 10 0.800 0.841 0.872 0.892 0.905 0.914 0.930
0 0 0 0 1 0 11 0.830 0.854 0.880 0.896 0.904 0.907 0.915
0 0 0 0 1 0 12 0.817 0.834 0.856 0.870 0.872 0.873 0.881
0 0 0 0 1 0 13 0.870 0.888 0.909 0.920 0.923 0.923 0.922
0 0 0 0 1 0 14 0.850 0.866 0.887 0.896 0.904 0.905 0.897
0 0 0 0 1 0 15 0.806 0.825 0.833 0.844 0.850 0.851 0.840
0 0 0 0 1 0 16 0.888 0.902 0.914 0.922 0.925 0.926 0.927
0 0 0 0 1 0 17 0.905 0.917 0.928 0.938 0.942 0.943 0.947
0 0 0 0 1 0 18 0.899 0.911 0.923 0.934 0.937 0.940 0.940
0 0 0 0 1 0 19 0.914 0.929 0.942 0.950 0.954 0.955 0.959
0 0 0 0 1 0 20 0.888 0.902 0.916 0.926 0.929 0.932 0.935
0 0 0 0 1 0 21 0.745 0.760 0.772 0.775 0.780 0.774 0.775
0 0 0 0 1 0 22 0.869 0.884 0.899 0.907 0.911 0.911 0.914
0 0 0 0 1 0 23 0.909 0.923 0.935 0.945 0.950 0.954 0.953
0 0 0 0 1 0 24 0.909 0.926 0.935 0.946 0.951 0.952 0.955
0 0 0 0 1 0 25 0.862 0.878 0.890 0.902 0.904 0.906 0.907
0 0 0 0 1 0 26 0.740 0.752 0.764 0.771 0.772 0.769 0.769
0 0 0 0 1 0 27 0.869 0.889 0.901 0.909 0.915 0.918 0.913
0 0 0 0 1 0 28 0.906 0.916 0.930 0.941 0.945 0.946 0.946
0 0 0 0 1 0 29 0.888 0.901 0.917 0.928 0.932 0.931 0.929
0 0 0 0 1 0 30 0.892 0.905 0.917 0.926 0.931 0.932 0.933
0 0 0 0 1 0 31 0.873 0.889 0.900 0.909 0.912 0.914 0.911
0 0 0 0 1 0 32 0.811 0.822 0.836 0.846 0.848 0.845 0.845
0 0 0 0 1 0 33 0.829 0.851 0.869 0.882 0.887 0.893 0.887
0 0 0 0 1 0 34 0.863 0.882 0.899 0.910 0.914 0.915 0.907
0 0 0 0 1 0 35 0.815 0.840 0.851 0.865 0.868 0.872 0.866
0 0 0 0 1 0 36 0.828 0.850 0.874 0.887 0.890 0.895 0.893
0 0 0 0 1 0 37 0.801 0.844 0.867 0.884 0.895 0.900 0.908
0 0 0 0 1 0 38 0.826 0.856 0.875 0.892 0.901 0.910 0.917
0 0 0 0 1 0 39 0.864 0.887 0.904 0.915 0.921 0.922 0.928
0 0 0 0 1 0 40 0.857 0.881 0.900 0.913 0.914 0.919 0.926
0 0 0 0 1 0 41 0.752 0.771 0.782 0.788 0.792 0.794 0.796
0 0 0 0 1 0 42 0.844 0.856 0.869 0.883 0.886 0.888 0.890
0 0 0 0 1 0 43 0.839 0.865 0.881 0.894 0.902 0.906 0.906
0 0 0 0 1 0 44 0.808 0.832 0.856 0.867 0.874 0.886 0.889
0 0 0 0 1 0 45 0.741 0.782 0.804 0.822 0.830 0.837 0.844
0 0 0 0 1 0 46 0.700 0.772 0.806 0.828 0.840 0.853 0.853
0 0 0 0 1 0 47 0.537 0.643 0.707 0.741 0.760 0.776 0.770
## root/medium_muon_2017/2017_IsoMu27_plus.root muonEffi_mc_eta_pt
ETA 0 1 48 -1 -2.4 -2.3 -2.2 -2.1 -2.0 -1.9 -1.8 -1.7 -1.6 -1.5 -1.4 -1.3 -1.2 -1.1 -1.0 -0.9 -0.8 -0.7 -0.6 -0.5 -0.4 -0.3 -0.2 -0.1 0.0 0.1 0.2 0.3 0.4 0.5 0.6 0.7 0.8 0.9 1.0 1.1 1.2 1.3 1.4 1.5 1.6 1.7 1.8 1.9 2.0 2.1 2.2 2.3 2.4
PT 0 1 7 -1 29.0 32.0 35.0 40.0 45.0 50.0 60.0 120.0
0 0 0 1 1 0 0 0.718 0.737 0.779 0.799 0.806 0.809 0.814
0 0 0 1 1 0 1 0.785 0.814 0.837 0.855 0.864 0.878 0.862
0 0 0 1 1 0 2 0.713 0.757 0.762 0.787 0.795 0.792 0.809
0 0 0 1 1 0 3 0.806 0.821 0.841 0.857 0.862 0.861 0.877
0 0 0 1 1 0 4 0.819 0.846 0.859 0.874 0.875 0.874 0.881
0 0 0 1 1 0 5 0.799 0.813 0.831 0.843 0.848 0.853 0.848
0 0 0 1 1 0 6 0.724 0.737 0.747 0.766 0.764 0.759 0.779
0 0 0 1 1 0 7 0.843 0.858 0.884 0.896 0.903 0.909 0.907
0 0 0 1 1 0 8 0.854 0.883 0.902 0.915 0.925 0.930 0.933
0 0 0 1 1 0 9 0.781 0.791 0.820 0.851 0.870 0.881 0.900
0 0 0 1 1 0 10 0.805 0.832 0.858 0.880 0.894 0.905 0.919
0 0 0 1 1 0 11 0.872 0.887 0.903 0.918 0.923 0.930 0.933
0 0 0 1 1 0 12 0.858 0.875 0.901 0.914 0.923 0.924 0.923
0 0 0 1 1 0 13 0.912 0.929 0.945 0.959 0.963 0.966 0.967
0 0 0 1 1 0 14 0.904 0.922 0.941 0.952 0.958 0.958 0.963
0 0 0 1 1 0 15 0.839 0.850 0.867 0.874 0.877 0.873 0.870
0 0 0 1 1 0 16 0.911 0.916 0.931 0.939 0.945 0.949 0.944
0 0 0 1 1 0 17 0.914 0.931 0.945 0.955 0.960 0.959 0.962
0 0 0 1 1 0 18 0.914 0.931 0.943 0.956 0.961 0.961 0.962
0 0 0 1 1 0 19 0.932 0.942 0.957 0.967 0.970 0.971 0.973
0 0 0 1 1 0 20 0.919 0.926 0.940 0.948 0.955 0.955 0.958
0 0 0 1 1 0 21 0.802 0.812 0.826 0.835 0.838 0.836 0.832
0 0 0 1 1 0 22 0.906 0.916 0.928 0.939 0.944 0.946 0.946
0 0 0 1 1 0 23 0.927 0.940 0.952 0.960 0.969 0.969 0.968
0 0 0 1 1 0 24 0.930 0.943 0.951 0.965 0.968 0.965 0.974
0 0 0 1 1 0 25 0.903 0.913 0.925 0.935 0.941 0.942 0.941
0 0 0 1 1 0 26 0.805 0.815 0.825 0.836 0.843 0.832 0.830
0 0 0 1 1 0 27 0.916 0.935 0.943 0.952 0.955 0.959 0.960
0 0 0 1 1 0 28 0.926 0.942 0.956 0.967 0.972 0.972 0.975
0 0 0 1 1 0 29 0.917 0.930 0.949 0.958 0.962 0.964 0.966
0 0 0 1 1 0 30 0.921 0.935 0.949 0.960 0.963 0.967 0.965
0 0 0 1 1 0 31 0.910 0.921 0.938 0.949 0.953 0.951 0.949
0 0 0 1 1 0 32 0.862 0.863 0.882 0.893 0.896 0.898 0.890
0 0 0 1 1 0 33 0.906 0.927 0.940 0.956 0.959 0.962 0.968
0 0 0 1 1 0 34 0.899 0.917 0.945 0.955 0.964 0.966 0.967
0 0 0 1 1 0 35 0.849 0.873 0.894 0.910 0.920 0.928 0.926
0 0 0 1 1 0 36 0.850 0.872 0.893 0.911 0.915 0.919 0.929
0 0 0 1 1 0 37 0.806 0.832 0.850 0.872 0.887 0.900 0.900
0 0 0 1 1 0 38 0.771 0.798 0.817 0.842 0.864 0.881 0.895
0 0 0 1 1 0 39 0.856 0.881 0.903 0.921 0.930 0.937 0.940
0 0 0 1 1 0 40 0.883 0.901 0.912 0.926 0.934 0.937 0.943
0 0 0 1 1 0 41 0.791 0.807 0.806 0.827 0.835 0.828 0.852
0 0 0 1 1 0 42 0.863 0.875 0.881 0.895 0.901 0.901 0.904
0 0 0 1 1 0 43 0.874 0.891 0.899 0.917 0.918 0.923 0.919
0 0 0 1 1 0 44 0.840 0.869 0.874 0.892 0.890 0.898 0.899
0 0 0 1 1 0 45 0.755 0.785 0.808 0.815 0.825 0.830 0.832
0 0 0 1 1 0 46 0.824 0.850 0.874 0.888 0.900 0.905 0.911
0 0 0 1 1 0 47 0.731 0.786 0.809 0.834 0.834 0.837 0.850
## root/medium_muon_2017/2017_IsoMu27_minus.root muonEffi_data_eta_pt
ETA 0 1 48 -1 -2.4 -2.3 -2.2 -2.1 -2.0 -1.9 -1.8 -1.7 -1.6 -1.5 -1.4 -1.3 -1.2 -1.1 -1.0 -0.9 -0.8 -0.7 -0.6 -0.5 -0.4 -0.3 -0.2 -0.1 0.0 0.1 0.2 0.3 0.4 0.5 0.6 0.7 0.8 0.9 1.0 1.1 1.2 1.3 1.4 1.5 1.6 1.7 1.8 1.9 2.0 2.1 2.2 2.3 2.4
PT 0 1 7 -1 29.0 32.0 35.0 40.0 45.0 50.0 60.0 120.0
0 0 0 0 1 1 0 0.568 0.653 0.697 0.720 0.735 0.747 0.753
0 0 0 0 1 1 1 0.686 0.742 0.778 0.794 0.800 0.809 0.816
0 0 0 0 1 1 2 0.710 0.743 0.772 0.785 0.795 0.801 0.799
0 0 0 0 1 1 3 0.780 0.798 0.819 0.834 0.841 0.843 0.847
0 0 0 0 1 1 4 0.807 0.821 0.837 0.852 0.857 0.861 0.861
0 0 0 0 1 1 5 0.787 0.806 0.815 0.826 0.833 0.837 0.826
0 0 0 0 1 1 6 0.709 0.716 0.723 0.740 0.740 0.746 0.759
0 0 0 0 1 1 7 0.838 0.856 0.870 0.879 0.884 0.891 0.894
0 0 0 0 1 1 8 0.870 0.895 0.912 0.923 0.929 0.932 0.932
0 0 0 0 1 1 9 0.839 0.865 0.884 0.899 0.915 0.922 0.926
0 0 0 0 1 1 10 0.824 0.855 0.881 0.903 0.912 0.919 0.927
0 0 0 0 1 1 11 0.856 0.873 0.892 0.906 0.910 0.914 0.917
0 0 0 0 1 1 12 0.831 0.847 0.862 0.872 0.874 0.877 0.874
0 0 0 0 1 1 13 0.868 0.884 0.905 0.917 0.921 0.923 0.922
0 0 0 0 1 1 14 0.828 0.856 0.878 0.891 0.895 0.902 0.897
0 0 0 0 1 1 15 0.815 0.833 0.843 0.852 0.852 0.850 0.848
0 0 0 0 1 1 16 0.894 0.907 0.922 0.930 0.931 0.932 0.932
0 0 0 0 1 1 17 0.906 0.919 0.934 0.943 0.946 0.946 0.944
0 0 0 0 1 1 18 0.904 0.920 0.932 0.940 0.945 0.944 0.942
0 0 0 0 1 1 19 0.918 0.933 0.946 0.954 0.960 0.958 0.962
0 0 0 0 1 1 20 0.894 0.907 0.921 0.927 0.932 0.934 0.930
0 0 0 0 1 1 21 0.745 0.762 0.773 0.780 0.784 0.780 0.776
0 0 0 0 1 1 22 0.879 0.892 0.905 0.913 0.918 0.919 0.920
0 0 0 0 1 1 23 0.912 0.926 0.938 0.948 0.952 0.953 0.958
0 0 0 0 1 1 24 0.914 0.926 0.938 0.949 0.953 0.957 0.954
0 0 0 0 1 1 25 0.880 0.891 0.901 0.908 0.912 0.912 0.913
0 0 0 0 1 1 26 0.744 0.755 0.769 0.773 0.775 0.775 0.768
0 0 0 0 1 1 27 0.883 0.893 0.906 0.914 0.918 0.917 0.925
0 0 0 0 1 1 28 0.912 0.922 0.938 0.947 0.951 0.952 0.951
0 0 0 0 1 1 29 0.900 0.917 0.925 0.935 0.938 0.940 0.936
0 0 0 0 1 1 30 0.900 0.915 0.924 0.935 0.937 0.938 0.934
0 0 0 0 1 1 31 0.881 0.899 0.910 0.918 0.920 0.920 0.915
0 0 0 0 1 1 32 0.821 0.836 0.845 0.854 0.856 0.857 0.857
0 0 0 0 1 1 33 0.838 0.854 0.877 0.886 0.891 0.895 0.888
0 0 0 0 1 1 34 0.852 0.877 0.896 0.907 0.912 0.912 0.909
0 0 0 0 1 1 35 0.800 0.819 0.842 0.853 0.860 0.859 0.857
0 0 0 0 1 1 36 0.823 0.846 0.863 0.876 0.884 0.892 0.885
0 0 0 0 1 1 37 0.810 0.839 0.862 0.882 0.890 0.895 0.904
0 0 0 0 1 1 38 0.823 0.850 0.870 0.886 0.900 0.905 0.915
0 0 0 0 1 1 39 0.851 0.882 0.896 0.910 0.915 0.920 0.921
0 0 0 0 1 1 40 0.860 0.890 0.897 0.911 0.915 0.918 0.923
0 0 0 0 1 1 41 0.745 0.776 0.783 0.788 0.794 0.793 0.794
0 0 0 0 1 1 42 0.827 0.853 0.867 0.879 0.883 0.881 0.884
0 0 0 0 1 1 43 0.835 0.861 0.875 0.890 0.893 0.901 0.899
0 0 0 0 1 1 44 0.796 0.828 0.849 0.866 0.868 0.873 0.869
0 0 0 0 1 1 45 0.714 0.762 0.790 0.806 0.819 0.823 0.824
0 0 0 0 1 1 46 0.725 0.755 0.797 0.818 0.830 0.842 0.845
0 0 0 0 1 1 47 0.595 0.635 0.686 0.726 0.742 0.759 0.766
## root/medium_muon_2017/2017_IsoMu27_minus.root muonEffi_mc_eta_pt
ETA 0 1 48 -1 -2.4 -2.3 -2.2 -2.1 -2.0 -1.9 -1.8 -1.7 -1.6 -1.5 -1.4 -1.3 -1.2 -1.1 -1.0 -0.9 -0.8 -0.7 -0.6 -0.5 -0.4 -0.3 -0.2 -0.1 0.0 0.1 0.2 0.3 0.4 0.5 0.6 0.7 0.8 0.9 1.0 1.1 1.2 1.3 1.4 1.5 1.6 1.7 1.8 1.9 2.0 2.1 2.2 2.3 2.4
PT 0 1 7 -1 29.0 32.0 35.0 40.0 45.0 50.0 60.0 120.0
0 0 0 1 1 1 0 0.697 0.749 0.777 0.801 0.813 0.811 0.807
0 0 0 1 1 1 1 0.773 0.805 0.831 0.854 0.863 0.875 0.867
0 0 0 1 1 1 2 0.730 0.742 0.764 0.782 0.800 0.802 0.805
0 0 0 1 1 1 3 0.815 0.831 0.847 0.858 0.867 0.872 0.872
0 0 0 1 1 1 4 0.826 0.843 0.863 0.875 0.879 0.883 0.887
0 0 0 1 1 1 5 0.816 0.827 0.837 0.843 0.854 0.860 0.853
0 0 0 1 1 1 6 0.739 0.744 0.752 0.760 0.769 0.773 0.774
0 0 0 1 1 1 7 0.841 0.867 0.886 0.901 0.906 0.913 0.904
0 0 0 1 1 1 8 0.855 0.891 0.900 0.921 0.928 0.936 0.940
0 0 0 1 1 1 9 0.787 0.800 0.824 0.846 0.866 0.882 0.905
0 0 0 1 1 1 10 0.804 0.835 0.853 0.877 0.887 0.902 0.918
0 0 0 1 1 1 11 0.863 0.878 0.902 0.917 0.925 0.930 0.933
0 0 0 1 1 1 12 0.870 0.876 0.900 0.912 0.919 0.921 0.927
0 0 0 1 1 1 13 0.892 0.918 0.943 0.956 0.961 0.964 0.965
0 0 0 1 1 1 14 0.908 0.925 0.945 0.955 0.959 0.961 0.956
0 0 0 1 1 1 15 0.857 0.867 0.880 0.887 0.890 0.888 0.893
0 0 0 1 1 1 16 0.920 0.932 0.946 0.956 0.957 0.960 0.961
0 0 0 1 1 1 17 0.928 0.941 0.955 0.964 0.969 0.969 0.966
0 0 0 1 1 1 18 0.930 0.941 0.954 0.963 0.970 0.968 0.970
0 0 0 1 1 1 19 0.934 0.949 0.959 0.970 0.975 0.977 0.980
0 0 0 1 1 1 20 0.916 0.935 0.943 0.955 0.959 0.957 0.962
0 0 0 1 1 1 21 0.820 0.826 0.836 0.845 0.851 0.840 0.840
0 0 0 1 1 1 22 0.916 0.921 0.934 0.943 0.945 0.950 0.950
0 0 0 1 1 1 23 0.929 0.944 0.955 0.965 0.968 0.972 0.972
0 0 0 1 1 1 24 0.924 0.941 0.954 0.966 0.969 0.973 0.977
0 0 0 1 1 1 25 0.911 0.918 0.932 0.941 0.942 0.946 0.943
0 0 0 1 1 1 26 0.802 0.818 0.828 0.830 0.836 0.830 0.822
0 0 0 1 1 1 27 0.918 0.928 0.939 0.950 0.953 0.954 0.953
0 0 0 1 1 1 28 0.935 0.944 0.956 0.968 0.972 0.973 0.977
0 0 0 1 1 1 29 0.923 0.932 0.950 0.961 0.963 0.965 0.964
0 0 0 1 1 1 30 0.925 0.934 0.951 0.959 0.962 0.963 0.963
0 0 0 1 1 1 31 0.910 0.925 0.937 0.943 0.945 0.943 0.941
0 0 0 1 1 1 32 0.855 0.875 0.887 0.893 0.892 0.900 0.892
0 0 0 1 1 1 33 0.920 0.928 0.945 0.958 0.962 0.967 0.961
0 0 0 1 1 1 34 0.901 0.928 0.944 0.958 0.962 0.965 0.967
0 0 0 1 1 1 35 0.845 0.871 0.896 0.908 0.921 0.920 0.928
0 0 0 1 1 1 36 0.851 0.873 0.898 0.913 0.918 0.927 0.923
0 0 0 1 1 1 37 0.809 0.827 0.852 0.877 0.890 0.903 0.911
0 0 0 1 1 1 38 0.777 0.800 0.825 0.849 0.862 0.879 0.885
0 0 0 1 1 1 39 0.852 0.885 0.903 0.921 0.932 0.933 0.934
0 0 0 1 1 1 40 0.872 0.900 0.912 0.925 0.936 0.943 0.935
0 0 0 1 1 1 41 0.784 0.806 0.814 0.828 0.831 0.829 0.845
0 0 0 1 1 1 42 0.851 0.861 0.881 0.897 0.900 0.903 0.897
0 0 0 1 1 1 43 0.859 0.885 0.900 0.914 0.919 0.923 0.925
0 0 0 1 1 1 44 0.840 0.854 0.876 0.886 0.894 0.898 0.901
0 0 0 1 1 1 45 0.750 0.777 0.798 0.816 0.822 0.824 0.830
0 0 0 1 1 1 46 0.818 0.850 0.873 0.885 0.896 0.899 0.904
0 0 0 1 1 1 47 0.740 0.771 0.809 0.833 0.839 0.838 0.854
## root/medium_muon_2017/2017_Mu17_plus.root muonEffi_data_eta_pt
ETA 0 2 48 -1 -2.4 -2.3 -2.2 -2.1 -2.0 -1.9 -1.8 -1.7 -1.6 -1.5 -1.4 -1.3 -1.2 -1.1 -1.0 -0.9 -0.8 -0.7 -0.6 -0.5 -0.4 -0.3 -0.2 -0.1 0.0 0.1 0.2 0.3 0.4 0.5 0.6 0.7 0.8 0.9 1.0 1.1 1.2 1.3 1.4 1.5 1.6 1.7 1.8 1.9 2.0 2.1 2.2 2.3 2.4
PT 0 2 8 -1 20.0 25.0 30.0 35.0 40.0 45.0 50.0 60.0 120.0
0 0 0 0 2 0 0 0.752 0.792 0.815 0.827 0.837 0.848 0.847 0.864
0 0 0 0 2 0 1 0.835 0.860 0.867 0.877 0.884 0.892 0.892 0.896
0 0 0 0 2 0 2 0.847 0.864 0.880 0.881 0.891 0.893 0.900 0.890
0 0 0 0 2 0 3 0.875 0.883 0.893 0.900 0.900 0.902 0.905 0.909
0 0 0 0 2 0 4 0.895 0.905 0.915 0.915 0.914 0.915 0.918 0.917
0 0 0 0 2 0 5 0.905 0.915 0.915 0.915 0.915 0.915 0.918 0.913
0 0 0 0 2 0 6 0.868 0.883 0.891 0.888 0.889 0.890 0.889 0.898
0 0 0 0 2 0 7 0.925 0.935 0.938 0.938 0.937 0.939 0.940 0.945
0 0 0 0 2 0 8 0.949 0.956 0.959 0.961 0.963 0.964 0.965 0.969
0 0 0 0 2 0 9 0.927 0.926 0.926 0.931 0.938 0.947 0.952 0.960
0 0 0 0 2 0 10 0.910 0.922 0.921 0.926 0.932 0.939 0.944 0.956
0 0 0 0 2 0 11 0.918 0.923 0.928 0.933 0.936 0.939 0.941 0.944
0 0 0 0 2 0 12 0.908 0.912 0.918 0.916 0.917 0.916 0.917 0.919
0 0 0 0 2 0 13 0.955 0.959 0.956 0.959 0.956 0.955 0.954 0.957
0 0 0 0 2 0 14 0.947 0.941 0.943 0.946 0.945 0.948 0.947 0.941
0 0 0 0 2 0 15 0.879 0.872 0.868 0.864 0.866 0.868 0.867 0.857
0 0 0 0 2 0 16 0.942 0.947 0.944 0.942 0.943 0.941 0.940 0.939
0 0 0 0 2 0 17 0.963 0.962 0.961 0.959 0.958 0.959 0.959 0.958
0 0 0 0 2 0 18 0.958 0.955 0.956 0.955 0.954 0.954 0.954 0.953
0 0 0 0 2 0 19 0.971 0.972 0.973 0.972 0.972 0.972 0.971 0.972
0 0 0 0 2 0 20 0.952 0.952 0.953 0.950 0.951 0.949 0.948 0.948
0 0 0 0 2 0 21 0.798 0.798 0.800 0.801 0.795 0.796 0.790 0.787
0 0 0 0 2 0 22 0.930 0.931 0.929 0.930 0.928 0.928 0.926 0.926
0 0 0 0 2 0 23 0.965 0.967 0.969 0.969 0.967 0.967 0.969 0.965
0 0 0 0 2 0 24 0.969 0.968 0.968 0.969 0.968 0.968 0.968 0.968
0 0 0 0 2 0 25 0.925 0.925 0.923 0.923 0.924 0.921 0.921 0.921
0 0 0 0 2 0 26 0.785 0.795 0.795 0.792 0.790 0.789 0.782 0.781
0 0 0 0 2 0 27 0.934 0.935 0.934 0.936 0.934 0.934 0.936 0.930
0 0 0 0 2 0 28 0.958 0.960 0.962 0.962 0.963 0.962 0.961 0.959
0 0 0 0 2 0 29 0.951 0.948 0.947 0.947 0.949 0.949 0.947 0.941
0 0 0 0 2 0 30 0.952 0.948 0.948 0.950 0.949 0.948 0.949 0.944
0 0 0 0 2 0 31 0.927 0.933 0.930 0.929 0.930 0.928 0.927 0.923
0 0 0 0 2 0 32 0.877 0.873 0.870 0.866 0.867 0.867 0.863 0.858
0 0 0 0 2 0 33 0.935 0.935 0.931 0.931 0.933 0.932 0.936 0.930
0 0 0 0 2 0 34 0.943 0.954 0.948 0.950 0.950 0.950 0.951 0.946
0 0 0 0 2 0 35 0.902 0.905 0.906 0.904 0.909 0.908 0.911 0.906
0 0 0 0 2 0 36 0.897 0.909 0.913 0.919 0.922 0.922 0.927 0.927
0 0 0 0 2 0 37 0.906 0.908 0.911 0.920 0.922 0.929 0.931 0.938
0 0 0 0 2 0 38 0.919 0.924 0.925 0.930 0.936 0.942 0.948 0.956
0 0 0 0 2 0 39 0.949 0.958 0.954 0.959 0.961 0.961 0.960 0.965
0 0 0 0 2 0 40 0.944 0.946 0.949 0.950 0.952 0.950 0.952 0.954
0 0 0 0 2 0 41 0.918 0.921 0.926 0.925 0.925 0.925 0.926 0.930
0 0 0 0 2 0 42 0.936 0.946 0.950 0.949 0.950 0.949 0.949 0.950
0 0 0 0 2 0 43 0.922 0.937 0.939 0.943 0.942 0.944 0.944 0.944
0 0 0 0 2 0 44 0.901 0.915 0.921 0.926 0.927 0.926 0.933 0.930
0 0 0 0 2 0 45 0.879 0.900 0.904 0.910 0.914 0.917 0.918 0.924
0 0 0 0 2 0 46 0.861 0.876 0.893 0.903 0.913 0.916 0.922 0.926
0 0 0 0 2 0 47 0.760 0.806 0.819 0.847 0.855 0.866 0.876 0.880
## root/medium_muon_2017/2017_Mu17_plus.root muonEffi_mc_eta_pt
ETA 0 2 48 -1 -2.4 -2.3 -2.2 -2.1 -2.0 -1.9 -1.8 -1.7 -1.6 -1.5 -1.4 -1.3 -1.2 -1.1 -1.0 -0.9 -0.8 -0.7 -0.6 -0.5 -0.4 -0.3 -0.2 -0.1 0.0 0.1 0.2 0.3 0.4 0.5 0.6 0.7 0.8 0.9 1.0 1.1 1.2 1.3 1.4 1.5 1.6 1.7 1.8 1.9 2.0 2.1 2.2 2.3 2.4
PT 0 2 8 -1 20.0 25.0 30.0 35.0 40.0 45.0 50.0 60.0 120.0
0 0 0 1 2 0 0 0.930 0.929 0.925 0.930 0.932 0.931 0.926 0.927
0 0 0 1 2 0 1 0.959 0.956 0.955 0.957 0.958 0.955 0.959 0.948
0 0 0 1 2 0 2 0.930 0.928 0.937 0.931 0.934 0.931 0.933 0.934
0 0 0 1 2 0 3 0.933 0.936 0.935 0.937 0.941 0.940 0.935 0.938
0 0 0 1 2 0 4 0.946 0.943 0.946 0.945 0.947 0.942 0.942 0.939
0 0 0 1 2 0 5 0.939 0.939 0.941 0.946 0.945 0.941 0.940 0.935
0 0 0 1 2 0 6 0.906 0.913 0.908 0.910 0.913 0.909 0.907 0.905
0 0 0 1 2 0 7 0.954 0.963 0.954 0.958 0.959 0.960 0.960 0.958
0 0 0 1 2 0 8 0.966 0.965 0.965 0.966 0.969 0.971 0.969 0.975
0 0 0 1 2 0 9 0.922 0.917 0.899 0.910 0.924 0.938 0.949 0.957
0 0 0 1 2 0 10 0.926 0.926 0.920 0.924 0.931 0.942 0.952 0.955
0 0 0 1 2 0 11 0.936 0.952 0.952 0.956 0.960 0.961 0.964 0.966
0 0 0 1 2 0 12 0.939 0.947 0.951 0.953 0.954 0.957 0.953 0.953
0 0 0 1 2 0 13 0.975 0.981 0.981 0.983 0.984 0.984 0.984 0.981
0 0 0 1 2 0 14 0.966 0.970 0.972 0.973 0.974 0.974 0.972 0.971
0 0 0 1 2 0 15 0.902 0.897 0.895 0.896 0.894 0.893 0.886 0.886
0 0 0 1 2 0 16 0.961 0.962 0.962 0.961 0.960 0.961 0.963 0.957
0 0 0 1 2 0 17 0.981 0.979 0.974 0.977 0.976 0.977 0.973 0.975
0 0 0 1 2 0 18 0.971 0.976 0.974 0.974 0.976 0.975 0.973 0.975
0 0 0 1 2 0 19 0.986 0.986 0.985 0.988 0.987 0.985 0.986 0.986
0 0 0 1 2 0 20 0.973 0.973 0.972 0.971 0.971 0.972 0.970 0.971
0 0 0 1 2 0 21 0.854 0.859 0.854 0.855 0.855 0.853 0.850 0.844
0 0 0 1 2 0 22 0.959 0.959 0.960 0.959 0.959 0.960 0.961 0.956
0 0 0 1 2 0 23 0.982 0.983 0.983 0.982 0.983 0.985 0.983 0.978
0 0 0 1 2 0 24 0.986 0.983 0.985 0.984 0.985 0.983 0.981 0.984
0 0 0 1 2 0 25 0.954 0.957 0.957 0.957 0.955 0.957 0.954 0.953
0 0 0 1 2 0 26 0.857 0.856 0.856 0.855 0.858 0.858 0.848 0.845
0 0 0 1 2 0 27 0.972 0.977 0.976 0.976 0.976 0.973 0.974 0.974
0 0 0 1 2 0 28 0.990 0.986 0.987 0.987 0.987 0.987 0.986 0.984
0 0 0 1 2 0 29 0.983 0.972 0.977 0.980 0.978 0.978 0.980 0.976
0 0 0 1 2 0 30 0.978 0.980 0.980 0.979 0.981 0.981 0.981 0.976
0 0 0 1 2 0 31 0.965 0.961 0.967 0.967 0.969 0.968 0.967 0.961
0 0 0 1 2 0 32 0.914 0.916 0.915 0.914 0.913 0.913 0.915 0.903
0 0 0 1 2 0 33 0.974 0.974 0.971 0.974 0.976 0.976 0.975 0.980
0 0 0 1 2 0 34 0.969 0.978 0.982 0.984 0.981 0.985 0.984 0.984
0 0 0 1 2 0 35 0.924 0.935 0.942 0.948 0.948 0.950 0.958 0.951
0 0 0 1 2 0 36 0.927 0.938 0.946 0.951 0.955 0.956 0.958 0.960
0 0 0 1 2 0 37 0.922 0.920 0.917 0.918 0.926 0.938 0.942 0.945
0 0 0 1 2 0 38 0.918 0.917 0.907 0.908 0.920 0.937 0.949 0.960
0 0 0 1 2 0 39 0.966 0.966 0.962 0.965 0.969 0.970 0.975 0.976
0 0 0 1 2 0 40 0.973 0.976 0.976 0.972 0.973 0.973 0.973 0.977
0 0 0 1 2 0 41 0.949 0.948 0.952 0.946 0.951 0.951 0.950 0.951
0 0 0 1 2 0 42 0.959 0.962 0.966 0.965 0.966 0.967 0.965 0.970
0 0 0 1 2 0 43 0.960 0.966 0.968 0.965 0.966 0.964 0.967 0.965
0 0 0 1 2 0 44 0.945 0.948 0.949 0.953 0.953 0.947 0.954 0.950
0 0 0 1 2 0 45 0.947 0.944 0.951 0.951 0.946 0.949 0.942 0.949
0 0 0 1 2 0 46 0.966 0.961 0.964 0.964 0.964 0.965 0.961 0.963
0 0 0 1 2 0 47 0.925 0.937 0.936 0.938 0.941 0.941 0.932 0.938
## root/medium_muon_2017/2017_Mu17_minus.root muonEffi_data_eta_pt
ETA 0 2 48 -1 -2.4 -2.3 -2.2 -2.1 -2.0 -1.9 -1.8 -1.7 -1.6 -1.5 -1.4 -1.3 -1.2 -1.1 -1.0 -0.9 -0.8 -0.7 -0.6 -0.5 -0.4 -0.3 -0.2 -0.1 0.0 0.1 0.2 0.3 0.4 0.5 0.6 0.7 0.8 0.9 1.0 1.1 1.2 1.3 1.4 1.5 1.6 1.7 1.8 1.9 2.0 2.1 2.2 2.3 2.4
PT 0 2 8 -1 20.0 25.0 30.0 35.0 40.0 45.0 50.0 60.0 120.0
0 0 0 0 2 1 0 0.771 0.801 0.821 0.835 0.847 0.853 0.858 0.869
0 0 0 0 2 1 1 0.843 0.867 0.877 0.889 0.894 0.897 0.900 0.901
0 0 0 0 2 1 2 0.859 0.878 0.884 0.891 0.893 0.897 0.897 0.898
0 0 0 0 2 1 3 0.879 0.892 0.895 0.901 0.904 0.907 0.906 0.906
0 0 0 0 2 1 4 0.901 0.911 0.916 0.916 0.919 0.921 0.921 0.917
0 0 0 0 2 1 5 0.909 0.913 0.913 0.917 0.916 0.915 0.915 0.911
0 0 0 0 2 1 6 0.883 0.887 0.886 0.892 0.892 0.890 0.893 0.898
0 0 0 0 2 1 7 0.933 0.941 0.934 0.938 0.937 0.938 0.940 0.941
0 0 0 0 2 1 8 0.950 0.957 0.959 0.962 0.963 0.966 0.967 0.966
0 0 0 0 2 1 9 0.919 0.930 0.928 0.931 0.938 0.949 0.954 0.956
0 0 0 0 2 1 10 0.914 0.922 0.919 0.925 0.935 0.940 0.944 0.951
0 0 0 0 2 1 11 0.913 0.925 0.928 0.933 0.938 0.939 0.941 0.940
0 0 0 0 2 1 12 0.909 0.912 0.914 0.914 0.914 0.915 0.918 0.914
0 0 0 0 2 1 13 0.950 0.954 0.957 0.958 0.959 0.957 0.955 0.954
0 0 0 0 2 1 14 0.942 0.947 0.946 0.949 0.946 0.948 0.950 0.943
0 0 0 0 2 1 15 0.891 0.884 0.875 0.874 0.874 0.870 0.869 0.863
0 0 0 0 2 1 16 0.959 0.954 0.952 0.950 0.950 0.947 0.947 0.943
0 0 0 0 2 1 17 0.967 0.965 0.966 0.965 0.964 0.963 0.960 0.959
0 0 0 0 2 1 18 0.964 0.965 0.963 0.962 0.960 0.961 0.958 0.954
0 0 0 0 2 1 19 0.978 0.977 0.977 0.977 0.976 0.977 0.973 0.974
0 0 0 0 2 1 20 0.956 0.957 0.955 0.957 0.952 0.952 0.952 0.948
0 0 0 0 2 1 21 0.800 0.807 0.801 0.802 0.799 0.799 0.794 0.789
0 0 0 0 2 1 22 0.942 0.942 0.938 0.938 0.934 0.935 0.934 0.929
0 0 0 0 2 1 23 0.969 0.973 0.971 0.971 0.971 0.970 0.968 0.969
0 0 0 0 2 1 24 0.973 0.970 0.972 0.972 0.971 0.970 0.971 0.969
0 0 0 0 2 1 25 0.938 0.933 0.933 0.933 0.929 0.929 0.926 0.923
0 0 0 0 2 1 26 0.791 0.798 0.796 0.799 0.794 0.792 0.788 0.781
0 0 0 0 2 1 27 0.943 0.942 0.943 0.940 0.939 0.938 0.937 0.938
0 0 0 0 2 1 28 0.971 0.969 0.968 0.967 0.967 0.967 0.965 0.963
0 0 0 0 2 1 29 0.959 0.960 0.959 0.955 0.955 0.953 0.953 0.949
0 0 0 0 2 1 30 0.954 0.960 0.957 0.953 0.954 0.953 0.952 0.946
0 0 0 0 2 1 31 0.943 0.943 0.942 0.939 0.937 0.935 0.934 0.928
0 0 0 0 2 1 32 0.881 0.884 0.878 0.876 0.876 0.874 0.875 0.871
0 0 0 0 2 1 33 0.936 0.931 0.936 0.938 0.937 0.937 0.939 0.932
0 0 0 0 2 1 34 0.942 0.949 0.949 0.950 0.951 0.950 0.951 0.946
0 0 0 0 2 1 35 0.897 0.904 0.900 0.905 0.905 0.906 0.904 0.907
0 0 0 0 2 1 36 0.896 0.906 0.914 0.915 0.917 0.922 0.925 0.922
0 0 0 0 2 1 37 0.897 0.907 0.914 0.918 0.924 0.928 0.929 0.939
0 0 0 0 2 1 38 0.923 0.927 0.926 0.931 0.936 0.944 0.949 0.955
0 0 0 0 2 1 39 0.944 0.949 0.954 0.957 0.959 0.959 0.960 0.961
0 0 0 0 2 1 40 0.948 0.953 0.951 0.951 0.952 0.952 0.951 0.953
0 0 0 0 2 1 41 0.918 0.918 0.928 0.925 0.926 0.929 0.925 0.930
0 0 0 0 2 1 42 0.936 0.944 0.946 0.949 0.950 0.950 0.946 0.950
0 0 0 0 2 1 43 0.928 0.933 0.938 0.943 0.943 0.943 0.945 0.946
0 0 0 0 2 1 44 0.905 0.920 0.920 0.925 0.929 0.928 0.927 0.924
0 0 0 0 2 1 45 0.885 0.891 0.905 0.910 0.914 0.916 0.920 0.914
0 0 0 0 2 1 46 0.862 0.887 0.896 0.906 0.913 0.914 0.919 0.915
0 0 0 0 2 1 47 0.796 0.825 0.839 0.854 0.865 0.869 0.874 0.883
## root/medium_muon_2017/2017_Mu17_minus.root muonEffi_mc_eta_pt
ETA 0 2 48 -1 -2.4 -2.3 -2.2 -2.1 -2.0 -1.9 -1.8 -1.7 -1.6 -1.5 -1.4 -1.3 -1.2 -1.1 -1.0 -0.9 -0.8 -0.7 -0.6 -0.5 -0.4 -0.3 -0.2 -0.1 0.0 0.1 0.2 0.3 0.4 0.5 0.6 0.7 0.8 0.9 1.0 1.1 1.2 1.3 1.4 1.5 1.6 1.7 1.8 1.9 2.0 2.1 2.2 2.3 2.4
PT 0 2 8 -1 20.0 25.0 30.0 35.0 40.0 45.0 50.0 60.0 120.0
0 0 0 1 2 1 0 0.919 0.923 0.927 0.928 0.932 0.929 0.927 0.923
0 0 0 1 2 1 1 0.946 0.960 0.955 0.953 0.959 0.957 0.958 0.952
0 0 0 1 2 1 2 0.938 0.931 0.928 0.932 0.929 0.935 0.935 0.930
0 0 0 1 2 1 3 0.944 0.941 0.940 0.941 0.941 0.940 0.942 0.934
0 0 0 1 2 1 4 0.943 0.939 0.947 0.946 0.942 0.944 0.944 0.948
0 0 0 1 2 1 5 0.939 0.941 0.944 0.942 0.939 0.944 0.944 0.940
0 0 0 1 2 1 6 0.914 0.913 0.911 0.911 0.909 0.912 0.915 0.919
0 0 0 1 2 1 7 0.957 0.963 0.961 0.960 0.961 0.960 0.960 0.958
0 0 0 1 2 1 8 0.958 0.962 0.964 0.965 0.969 0.970 0.973 0.976
0 0 0 1 2 1 9 0.910 0.916 0.909 0.908 0.920 0.935 0.948 0.959
0 0 0 1 2 1 10 0.923 0.922 0.916 0.917 0.927 0.937 0.946 0.962
0 0 0 1 2 1 11 0.938 0.948 0.951 0.953 0.959 0.960 0.961 0.962
0 0 0 1 2 1 12 0.926 0.946 0.948 0.949 0.952 0.952 0.949 0.952
0 0 0 1 2 1 13 0.967 0.978 0.980 0.984 0.983 0.983 0.984 0.984
0 0 0 1 2 1 14 0.971 0.973 0.972 0.972 0.973 0.974 0.972 0.966
0 0 0 1 2 1 15 0.910 0.911 0.911 0.908 0.906 0.905 0.903 0.906
0 0 0 1 2 1 16 0.976 0.978 0.976 0.976 0.974 0.973 0.974 0.971
0 0 0 1 2 1 17 0.987 0.985 0.986 0.985 0.983 0.984 0.982 0.979
0 0 0 1 2 1 18 0.983 0.987 0.985 0.984 0.982 0.984 0.982 0.980
0 0 0 1 2 1 19 0.989 0.989 0.991 0.989 0.990 0.990 0.989 0.992
0 0 0 1 2 1 20 0.980 0.979 0.978 0.977 0.977 0.977 0.974 0.977
0 0 0 1 2 1 21 0.869 0.871 0.869 0.869 0.866 0.868 0.857 0.852
0 0 0 1 2 1 22 0.969 0.968 0.966 0.967 0.962 0.962 0.964 0.961
0 0 0 1 2 1 23 0.988 0.985 0.986 0.986 0.985 0.983 0.986 0.982
0 0 0 1 2 1 24 0.987 0.986 0.985 0.985 0.986 0.985 0.986 0.987
0 0 0 1 2 1 25 0.965 0.962 0.963 0.964 0.960 0.959 0.960 0.955
0 0 0 1 2 1 26 0.858 0.859 0.857 0.858 0.851 0.852 0.848 0.837
0 0 0 1 2 1 27 0.973 0.976 0.975 0.972 0.974 0.973 0.971 0.968
0 0 0 1 2 1 28 0.989 0.988 0.987 0.988 0.988 0.988 0.987 0.987
0 0 0 1 2 1 29 0.979 0.981 0.978 0.980 0.980 0.980 0.977 0.976
0 0 0 1 2 1 30 0.985 0.983 0.980 0.980 0.979 0.977 0.978 0.975
0 0 0 1 2 1 31 0.968 0.969 0.965 0.964 0.963 0.961 0.958 0.955
0 0 0 1 2 1 32 0.925 0.920 0.917 0.916 0.914 0.910 0.914 0.905
0 0 0 1 2 1 33 0.975 0.977 0.976 0.975 0.977 0.976 0.979 0.971
0 0 0 1 2 1 34 0.965 0.978 0.981 0.981 0.984 0.983 0.984 0.982
0 0 0 1 2 1 35 0.929 0.941 0.944 0.946 0.947 0.952 0.948 0.954
0 0 0 1 2 1 36 0.930 0.942 0.943 0.951 0.955 0.954 0.958 0.960
0 0 0 1 2 1 37 0.919 0.925 0.915 0.919 0.928 0.936 0.946 0.951
0 0 0 1 2 1 38 0.913 0.910 0.907 0.914 0.929 0.940 0.949 0.955
0 0 0 1 2 1 39 0.962 0.965 0.964 0.964 0.969 0.972 0.971 0.972
0 0 0 1 2 1 40 0.974 0.972 0.975 0.972 0.973 0.973 0.978 0.971
0 0 0 1 2 1 41 0.939 0.950 0.947 0.948 0.949 0.949 0.943 0.951
0 0 0 1 2 1 42 0.970 0.962 0.963 0.965 0.967 0.966 0.965 0.960
0 0 0 1 2 1 43 0.966 0.962 0.960 0.965 0.965 0.965 0.963 0.970
0 0 0 1 2 1 44 0.949 0.952 0.951 0.951 0.953 0.951 0.951 0.950
0 0 0 1 2 1 45 0.950 0.943 0.948 0.947 0.947 0.951 0.949 0.941
0 0 0 1 2 1 46 0.963 0.964 0.964 0.966 0.964 0.964 0.962 0.969
0 0 0 1 2 1 47 0.929 0.933 0.934 0.939 0.941 0.945 0.934 0.934
## root/medium_muon_2017/2017_Mu8_plus.root muonEffi_data_eta_pt
ETA 0 3 48 -1 -2.4 -2.3 -2.2 -2.1 -2.0 -1.9 -1.8 -1.7 -1.6 -1.5 -1.4 -1.3 -1.2 -1.1 -1.0 -0.9 -0.8 -0.7 -0.6 -0.5 -0.4 -0.3 -0.2 -0.1 0.0 0.1 0.2 0.3 0.4 0.5 0.6 0.7 0.8 0.9 1.0 1.1 1.2 1.3 1.4 1.5 1.6 1.7 1.8 1.9 2.0 2.1 2.2 2.3 2.4
PT 0 3 10 -1 10.0 15.0 20.0 25.0 30.0 35.0 40.0 45.0 50.0 60.0 120.0
0 0 0 0 3 0 0 0.866 0.894 0.890 0.900 0.902 0.903 0.906 0.907 0.900 0.906
0 0 0 0 3 0 1 0.911 0.927 0.926 0.930 0.928 0.926 0.927 0.930 0.925 0.922
0 0 0 0 3 0 2 0.912 0.908 0.913 0.914 0.919 0.916 0.921 0.918 0.922 0.911
0 0 0 0 3 0 3 0.908 0.919 0.923 0.920 0.922 0.924 0.921 0.922 0.922 0.926
0 0 0 0 3 0 4 0.922 0.934 0.927 0.929 0.932 0.931 0.927 0.927 0.929 0.928
0 0 0 0 3 0 5 0.925 0.926 0.926 0.929 0.926 0.923 0.923 0.922 0.924 0.919
0 0 0 0 3 0 6 0.898 0.893 0.886 0.891 0.897 0.892 0.893 0.894 0.892 0.900
0 0 0 0 3 0 7 0.927 0.944 0.935 0.941 0.941 0.941 0.940 0.941 0.941 0.947
0 0 0 0 3 0 8 0.953 0.950 0.956 0.959 0.961 0.962 0.965 0.965 0.966 0.970
0 0 0 0 3 0 9 0.922 0.929 0.934 0.930 0.928 0.933 0.939 0.948 0.953 0.961
0 0 0 0 3 0 10 0.897 0.915 0.921 0.926 0.924 0.927 0.933 0.939 0.945 0.956
0 0 0 0 3 0 11 0.895 0.920 0.927 0.927 0.930 0.935 0.937 0.940 0.941 0.944
0 0 0 0 3 0 12 0.904 0.909 0.915 0.916 0.922 0.918 0.919 0.917 0.918 0.921
0 0 0 0 3 0 13 0.951 0.959 0.959 0.960 0.957 0.960 0.957 0.956 0.955 0.957
0 0 0 0 3 0 14 0.945 0.943 0.948 0.942 0.944 0.947 0.946 0.949 0.948 0.941
0 0 0 0 3 0 15 0.882 0.873 0.880 0.874 0.869 0.865 0.868 0.869 0.868 0.857
0 0 0 0 3 0 16 0.931 0.937 0.942 0.948 0.944 0.943 0.943 0.942 0.940 0.939
0 0 0 0 3 0 17 0.949 0.959 0.964 0.963 0.961 0.960 0.959 0.959 0.959 0.959
0 0 0 0 3 0 18 0.951 0.954 0.959 0.956 0.957 0.955 0.954 0.954 0.954 0.953
0 0 0 0 3 0 19 0.963 0.970 0.971 0.972 0.973 0.972 0.972 0.972 0.971 0.972
0 0 0 0 3 0 20 0.947 0.946 0.952 0.952 0.953 0.950 0.951 0.949 0.948 0.948
0 0 0 0 3 0 21 0.791 0.784 0.798 0.799 0.801 0.802 0.796 0.797 0.791 0.788
0 0 0 0 3 0 22 0.921 0.930 0.930 0.931 0.929 0.930 0.928 0.928 0.926 0.927
0 0 0 0 3 0 23 0.964 0.963 0.965 0.967 0.969 0.969 0.968 0.967 0.969 0.966
0 0 0 0 3 0 24 0.965 0.970 0.970 0.969 0.968 0.969 0.968 0.968 0.968 0.969
0 0 0 0 3 0 25 0.915 0.927 0.925 0.925 0.923 0.923 0.924 0.922 0.921 0.921
0 0 0 0 3 0 26 0.759 0.790 0.785 0.795 0.796 0.793 0.790 0.789 0.783 0.782
0 0 0 0 3 0 27 0.922 0.933 0.934 0.936 0.934 0.936 0.934 0.934 0.936 0.931
0 0 0 0 3 0 28 0.943 0.958 0.958 0.960 0.963 0.962 0.963 0.963 0.961 0.959
0 0 0 0 3 0 29 0.927 0.946 0.952 0.948 0.947 0.948 0.949 0.949 0.948 0.941
0 0 0 0 3 0 30 0.949 0.943 0.952 0.948 0.949 0.950 0.949 0.948 0.949 0.944
0 0 0 0 3 0 31 0.927 0.924 0.928 0.934 0.931 0.930 0.931 0.929 0.927 0.923
0 0 0 0 3 0 32 0.891 0.875 0.879 0.875 0.871 0.868 0.868 0.868 0.864 0.860
0 0 0 0 3 0 33 0.925 0.935 0.937 0.936 0.933 0.933 0.934 0.933 0.938 0.931
0 0 0 0 3 0 34 0.946 0.944 0.947 0.955 0.949 0.951 0.951 0.951 0.952 0.946
0 0 0 0 3 0 35 0.879 0.901 0.908 0.909 0.909 0.906 0.911 0.910 0.912 0.907
0 0 0 0 3 0 36 0.874 0.888 0.906 0.912 0.915 0.921 0.923 0.923 0.927 0.928
0 0 0 0 3 0 37 0.904 0.911 0.919 0.912 0.913 0.921 0.923 0.929 0.932 0.938
0 0 0 0 3 0 38 0.927 0.928 0.928 0.928 0.927 0.932 0.938 0.943 0.949 0.956
0 0 0 0 3 0 39 0.948 0.957 0.955 0.960 0.956 0.961 0.962 0.962 0.962 0.966
0 0 0 0 3 0 40 0.949 0.953 0.951 0.950 0.952 0.952 0.954 0.952 0.953 0.955
0 0 0 0 3 0 41 0.925 0.923 0.931 0.929 0.930 0.929 0.929 0.928 0.928 0.932
0 0 0 0 3 0 42 0.956 0.955 0.954 0.957 0.957 0.955 0.955 0.954 0.954 0.954
0 0 0 0 3 0 43 0.945 0.951 0.950 0.954 0.952 0.953 0.951 0.951 0.951 0.949
0 0 0 0 3 0 44 0.938 0.943 0.941 0.943 0.942 0.944 0.943 0.941 0.944 0.940
0 0 0 0 3 0 45 0.925 0.925 0.931 0.939 0.934 0.935 0.934 0.936 0.935 0.935
0 0 0 0 3 0 46 0.935 0.926 0.944 0.940 0.943 0.942 0.944 0.945 0.946 0.943
0 0 0 0 3 0 47 0.872 0.900 0.909 0.912 0.909 0.917 0.916 0.918 0.920 0.914
## root/medium_muon_2017/2017_Mu8_plus.root muonEffi_mc_eta_pt
ETA 0 3 48 -1 -2.4 -2.3 -2.2 -2.1 -2.0 -1.9 -1.8 -1.7 -1.6 -1.5 -1.4 -1.3 -1.2 -1.1 -1.0 -0.9 -0.8 -0.7 -0.6 -0.5 -0.4 -0.3 -0.2 -0.1 0.0 0.1 0.2 0.3 0.4 0.5 0.6 0.7 0.8 0.9 1.0 1.1 1.2 1.3 1.4 1.5 1.6 1.7 1.8 1.9 2.0 2.1 2.2 2.3 2.4
PT 0 3 10 -1 10.0 15.0 20.0 25.0 30.0 35.0 40.0 45.0 50.0 60.0 120.0
0 0 0 1 3 0 0 0.907 0.924 0.931 0.931 0.926 0.931 0.932 0.932 0.927 0.928
0 0 0 1 3 0 1 0.956 0.954 0.961 0.958 0.957 0.958 0.959 0.956 0.962 0.949
0 0 0 1 3 0 2 0.917 0.923 0.933 0.929 0.937 0.932 0.934 0.931 0.934 0.934
0 0 0 1 3 0 3 0.947 0.938 0.934 0.936 0.935 0.937 0.941 0.941 0.935 0.938
0 0 0 1 3 0 4 0.932 0.938 0.947 0.943 0.946 0.945 0.947 0.942 0.942 0.939
0 0 0 1 3 0 5 0.943 0.949 0.941 0.939 0.941 0.946 0.945 0.941 0.941 0.935
0 0 0 1 3 0 6 0.897 0.917 0.907 0.913 0.908 0.910 0.913 0.909 0.907 0.905
0 0 0 1 3 0 7 0.953 0.965 0.955 0.963 0.954 0.958 0.959 0.960 0.960 0.958
0 0 0 1 3 0 8 0.966 0.967 0.968 0.965 0.966 0.966 0.969 0.971 0.969 0.975
0 0 0 1 3 0 9 0.940 0.902 0.924 0.918 0.899 0.910 0.925 0.938 0.950 0.957
0 0 0 1 3 0 10 0.915 0.913 0.931 0.927 0.921 0.924 0.932 0.942 0.952 0.955
0 0 0 1 3 0 11 0.901 0.928 0.938 0.954 0.953 0.957 0.960 0.961 0.964 0.966
0 0 0 1 3 0 12 0.908 0.914 0.944 0.949 0.951 0.953 0.954 0.957 0.953 0.953
0 0 0 1 3 0 13 0.954 0.974 0.978 0.981 0.982 0.983 0.984 0.984 0.984 0.981
0 0 0 1 3 0 14 0.969 0.966 0.967 0.971 0.973 0.974 0.974 0.974 0.973 0.971
0 0 0 1 3 0 15 0.896 0.891 0.902 0.897 0.895 0.897 0.894 0.893 0.886 0.886
0 0 0 1 3 0 16 0.946 0.958 0.961 0.962 0.962 0.961 0.960 0.961 0.963 0.957
0 0 0 1 3 0 17 0.973 0.974 0.981 0.979 0.974 0.977 0.976 0.977 0.973 0.975
0 0 0 1 3 0 18 0.965 0.974 0.971 0.976 0.974 0.974 0.976 0.975 0.973 0.975
0 0 0 1 3 0 19 0.983 0.981 0.986 0.986 0.985 0.988 0.987 0.985 0.986 0.986
0 0 0 1 3 0 20 0.961 0.971 0.973 0.973 0.972 0.971 0.971 0.972 0.970 0.971
0 0 0 1 3 0 21 0.859 0.851 0.854 0.859 0.854 0.855 0.855 0.853 0.850 0.844
0 0 0 1 3 0 22 0.966 0.957 0.959 0.959 0.960 0.959 0.959 0.960 0.961 0.956
0 0 0 1 3 0 23 0.975 0.979 0.983 0.983 0.983 0.982 0.983 0.985 0.983 0.978
0 0 0 1 3 0 24 0.987 0.979 0.986 0.983 0.985 0.984 0.985 0.983 0.981 0.984
0 0 0 1 3 0 25 0.930 0.956 0.954 0.957 0.957 0.957 0.955 0.957 0.954 0.953
0 0 0 1 3 0 26 0.838 0.843 0.857 0.856 0.856 0.855 0.858 0.858 0.848 0.845
0 0 0 1 3 0 27 0.964 0.981 0.972 0.977 0.976 0.976 0.976 0.973 0.974 0.974
0 0 0 1 3 0 28 0.992 0.982 0.990 0.986 0.987 0.987 0.987 0.987 0.986 0.984
0 0 0 1 3 0 29 0.978 0.976 0.983 0.972 0.977 0.980 0.978 0.978 0.980 0.976
0 0 0 1 3 0 30 0.976 0.977 0.978 0.980 0.980 0.979 0.981 0.981 0.981 0.976
0 0 0 1 3 0 31 0.969 0.974 0.966 0.961 0.967 0.967 0.969 0.968 0.967 0.961
0 0 0 1 3 0 32 0.905 0.918 0.914 0.916 0.915 0.914 0.913 0.913 0.915 0.903
0 0 0 1 3 0 33 0.968 0.973 0.976 0.975 0.972 0.975 0.976 0.977 0.975 0.980
0 0 0 1 3 0 34 0.952 0.956 0.973 0.980 0.983 0.984 0.982 0.985 0.984 0.984
0 0 0 1 3 0 35 0.899 0.911 0.929 0.939 0.944 0.949 0.949 0.950 0.958 0.952
0 0 0 1 3 0 36 0.872 0.912 0.930 0.940 0.947 0.952 0.956 0.956 0.958 0.960
0 0 0 1 3 0 37 0.890 0.925 0.926 0.922 0.919 0.918 0.926 0.938 0.943 0.946
0 0 0 1 3 0 38 0.912 0.912 0.920 0.917 0.907 0.909 0.921 0.937 0.950 0.960
0 0 0 1 3 0 39 0.957 0.968 0.968 0.967 0.962 0.966 0.969 0.970 0.975 0.976
0 0 0 1 3 0 40 0.972 0.972 0.974 0.977 0.976 0.972 0.973 0.974 0.974 0.977
0 0 0 1 3 0 41 0.954 0.943 0.950 0.949 0.952 0.946 0.951 0.951 0.950 0.951
0 0 0 1 3 0 42 0.970 0.968 0.960 0.962 0.966 0.965 0.966 0.967 0.965 0.970
0 0 0 1 3 0 43 0.961 0.969 0.960 0.966 0.968 0.965 0.966 0.964 0.967 0.965
0 0 0 1 3 0 44 0.948 0.939 0.945 0.949 0.950 0.953 0.953 0.947 0.954 0.950
0 0 0 1 3 0 45 0.938 0.938 0.950 0.946 0.952 0.951 0.946 0.950 0.942 0.949
0 0 0 1 3 0 46 0.945 0.963 0.969 0.963 0.965 0.965 0.965 0.965 0.962 0.963
0 0 0 1 3 0 47 0.911 0.930 0.930 0.938 0.937 0.939 0.942 0.942 0.933 0.938
## root/medium_muon_2017/2017_Mu8_minus.root muonEffi_data_eta_pt
ETA 0 3 48 -1 -2.4 -2.3 -2.2 -2.1 -2.0 -1.9 -1.8 -1.7 -1.6 -1.5 -1.4 -1.3 -1.2 -1.1 -1.0 -0.9 -0.8 -0.7 -0.6 -0.5 -0.4 -0.3 -0.2 -0.1 0.0 0.1 0.2 0.3 0.4 0.5 0.6 0.7 0.8 0.9 1.0 1.1 1.2 1.3 1.4 1.5 1.6 1.7 1.8 1.9 2.0 2.1 2.2 2.3 2.4
PT 0 3 10 -1 10.0 15.0 20.0 25.0 30.0 35.0 40.0 45.0 50.0 60.0 120.0
0 0 0 0 3 1 0 0.863 0.888 0.906 0.905 0.903 0.905 0.907 0.909 0.907 0.904
0 0 0 0 3 1 1 0.909 0.926 0.930 0.930 0.930 0.931 0.929 0.929 0.928 0.923
0 0 0 0 3 1 2 0.921 0.915 0.918 0.921 0.919 0.919 0.919 0.920 0.917 0.915
0 0 0 0 3 1 3 0.915 0.917 0.922 0.922 0.922 0.923 0.923 0.924 0.922 0.922
0 0 0 0 3 1 4 0.918 0.928 0.932 0.931 0.931 0.930 0.930 0.931 0.932 0.927
0 0 0 0 3 1 5 0.917 0.923 0.931 0.926 0.923 0.924 0.923 0.922 0.921 0.918
0 0 0 0 3 1 6 0.885 0.899 0.896 0.895 0.892 0.896 0.896 0.894 0.896 0.901
0 0 0 0 3 1 7 0.943 0.946 0.942 0.947 0.938 0.941 0.940 0.940 0.942 0.943
0 0 0 0 3 1 8 0.955 0.963 0.955 0.959 0.960 0.963 0.964 0.967 0.968 0.967
0 0 0 0 3 1 9 0.925 0.927 0.925 0.933 0.929 0.932 0.939 0.950 0.954 0.957
0 0 0 0 3 1 10 0.899 0.922 0.924 0.926 0.921 0.927 0.936 0.941 0.945 0.952
0 0 0 0 3 1 11 0.909 0.910 0.921 0.929 0.930 0.934 0.939 0.939 0.942 0.940
0 0 0 0 3 1 12 0.892 0.901 0.920 0.917 0.917 0.917 0.917 0.917 0.920 0.916
0 0 0 0 3 1 13 0.953 0.954 0.955 0.956 0.959 0.959 0.960 0.958 0.956 0.955
0 0 0 0 3 1 14 0.954 0.945 0.943 0.949 0.948 0.950 0.947 0.949 0.951 0.945
0 0 0 0 3 1 15 0.898 0.892 0.893 0.885 0.877 0.875 0.875 0.871 0.870 0.864
0 0 0 0 3 1 16 0.949 0.957 0.959 0.954 0.952 0.951 0.950 0.948 0.948 0.943
0 0 0 0 3 1 17 0.964 0.965 0.968 0.966 0.966 0.966 0.964 0.963 0.961 0.960
0 0 0 0 3 1 18 0.959 0.969 0.965 0.966 0.964 0.963 0.960 0.961 0.959 0.954
0 0 0 0 3 1 19 0.972 0.977 0.978 0.978 0.978 0.977 0.976 0.977 0.973 0.975
0 0 0 0 3 1 20 0.954 0.952 0.956 0.958 0.956 0.957 0.952 0.952 0.953 0.948
0 0 0 0 3 1 21 0.800 0.816 0.802 0.808 0.802 0.803 0.800 0.800 0.795 0.790
0 0 0 0 3 1 22 0.936 0.939 0.942 0.942 0.939 0.938 0.935 0.936 0.934 0.929
0 0 0 0 3 1 23 0.977 0.973 0.969 0.974 0.971 0.971 0.971 0.970 0.968 0.969
0 0 0 0 3 1 24 0.970 0.975 0.973 0.970 0.972 0.972 0.971 0.970 0.971 0.969
0 0 0 0 3 1 25 0.946 0.936 0.939 0.934 0.934 0.933 0.929 0.929 0.926 0.923
0 0 0 0 3 1 26 0.817 0.791 0.792 0.798 0.796 0.799 0.794 0.792 0.789 0.781
0 0 0 0 3 1 27 0.940 0.941 0.943 0.943 0.943 0.940 0.939 0.938 0.938 0.938
0 0 0 0 3 1 28 0.969 0.976 0.972 0.969 0.968 0.968 0.967 0.967 0.965 0.964
0 0 0 0 3 1 29 0.956 0.958 0.960 0.960 0.959 0.956 0.956 0.954 0.954 0.950
0 0 0 0 3 1 30 0.953 0.959 0.955 0.961 0.957 0.954 0.955 0.953 0.953 0.947
0 0 0 0 3 1 31 0.937 0.934 0.945 0.944 0.943 0.939 0.938 0.936 0.934 0.929
0 0 0 0 3 1 32 0.910 0.886 0.883 0.885 0.879 0.877 0.877 0.875 0.876 0.872
0 0 0 0 3 1 33 0.937 0.935 0.940 0.933 0.938 0.939 0.938 0.938 0.940 0.932
0 0 0 0 3 1 34 0.943 0.940 0.946 0.951 0.951 0.952 0.952 0.951 0.952 0.947
0 0 0 0 3 1 35 0.884 0.895 0.908 0.909 0.904 0.908 0.908 0.909 0.906 0.908
0 0 0 0 3 1 36 0.871 0.893 0.905 0.911 0.917 0.917 0.918 0.923 0.926 0.922
0 0 0 0 3 1 37 0.910 0.903 0.909 0.912 0.916 0.919 0.925 0.929 0.930 0.939
0 0 0 0 3 1 38 0.919 0.922 0.930 0.931 0.927 0.932 0.939 0.945 0.950 0.956
0 0 0 0 3 1 39 0.945 0.956 0.952 0.952 0.956 0.958 0.961 0.960 0.961 0.961
0 0 0 0 3 1 40 0.945 0.951 0.954 0.956 0.953 0.952 0.953 0.954 0.952 0.954
0 0 0 0 3 1 41 0.925 0.929 0.931 0.927 0.932 0.928 0.929 0.932 0.928 0.933
0 0 0 0 3 1 42 0.949 0.962 0.953 0.953 0.953 0.954 0.955 0.955 0.950 0.954
0 0 0 0 3 1 43 0.949 0.953 0.952 0.951 0.949 0.952 0.952 0.950 0.950 0.952
0 0 0 0 3 1 44 0.941 0.936 0.942 0.944 0.941 0.942 0.943 0.941 0.939 0.936
0 0 0 0 3 1 45 0.923 0.930 0.933 0.926 0.931 0.933 0.933 0.933 0.933 0.925
0 0 0 0 3 1 46 0.919 0.925 0.938 0.942 0.940 0.943 0.943 0.940 0.940 0.931
0 0 0 0 3 1 47 0.870 0.896 0.907 0.912 0.912 0.916 0.916 0.914 0.914 0.913
## root/medium_muon_2017/2017_Mu8_minus.root muonEffi_mc_eta_pt
ETA 0 3 48 -1 -2.4 -2.3 -2.2 -2.1 -2.0 -1.9 -1.8 -1.7 -1.6 -1.5 -1.4 -1.3 -1.2 -1.1 -1.0 -0.9 -0.8 -0.7 -0.6 -0.5 -0.4 -0.3 -0.2 -0.1 0.0 0.1 0.2 0.3 0.4 0.5 0.6 0.7 0.8 0.9 1.0 1.1 1.2 1.3 1.4 1.5 1.6 1.7 1.8 1.9 2.0 2.1 2.2 2.3 2.4
PT 0 3 10 -1 10.0 15.0 20.0 25.0 30.0 35.0 40.0 45.0 50.0 60.0 120.0
0 0 0 1 3 1 0 0.893 0.925 0.927 0.927 0.930 0.930 0.933 0.932 0.928 0.925
0 0 0 1 3 1 1 0.941 0.964 0.949 0.962 0.956 0.955 0.960 0.959 0.959 0.953
0 0 0 1 3 1 2 0.925 0.937 0.941 0.932 0.929 0.932 0.930 0.935 0.935 0.930
0 0 0 1 3 1 3 0.930 0.939 0.946 0.941 0.941 0.941 0.942 0.940 0.942 0.934
0 0 0 1 3 1 4 0.945 0.946 0.944 0.939 0.947 0.946 0.942 0.944 0.944 0.948
0 0 0 1 3 1 5 0.941 0.940 0.939 0.941 0.944 0.942 0.939 0.944 0.944 0.940
0 0 0 1 3 1 6 0.918 0.903 0.915 0.913 0.911 0.911 0.909 0.912 0.915 0.919
0 0 0 1 3 1 7 0.958 0.959 0.957 0.963 0.961 0.960 0.961 0.960 0.960 0.958
0 0 0 1 3 1 8 0.958 0.955 0.960 0.963 0.965 0.965 0.970 0.971 0.973 0.976
0 0 0 1 3 1 9 0.922 0.907 0.914 0.916 0.910 0.909 0.921 0.936 0.948 0.959
0 0 0 1 3 1 10 0.881 0.918 0.927 0.923 0.917 0.917 0.928 0.938 0.947 0.962
0 0 0 1 3 1 11 0.891 0.941 0.943 0.949 0.952 0.954 0.959 0.961 0.961 0.962
0 0 0 1 3 1 12 0.892 0.912 0.930 0.949 0.950 0.950 0.952 0.952 0.949 0.952
0 0 0 1 3 1 13 0.966 0.971 0.971 0.980 0.980 0.984 0.984 0.984 0.984 0.984
0 0 0 1 3 1 14 0.971 0.969 0.972 0.973 0.972 0.972 0.974 0.974 0.972 0.966
0 0 0 1 3 1 15 0.933 0.913 0.911 0.911 0.911 0.908 0.906 0.905 0.903 0.906
0 0 0 1 3 1 16 0.968 0.977 0.977 0.978 0.976 0.976 0.974 0.973 0.974 0.971
0 0 0 1 3 1 17 0.984 0.986 0.987 0.985 0.986 0.985 0.984 0.984 0.983 0.979
0 0 0 1 3 1 18 0.994 0.987 0.983 0.987 0.985 0.984 0.982 0.984 0.982 0.980
0 0 0 1 3 1 19 0.987 0.991 0.989 0.989 0.991 0.989 0.990 0.990 0.989 0.992
0 0 0 1 3 1 20 0.962 0.976 0.980 0.979 0.978 0.977 0.977 0.977 0.974 0.977
0 0 0 1 3 1 21 0.846 0.878 0.869 0.871 0.869 0.869 0.866 0.868 0.857 0.853
0 0 0 1 3 1 22 0.948 0.963 0.969 0.968 0.966 0.967 0.962 0.962 0.964 0.961
0 0 0 1 3 1 23 0.994 0.983 0.988 0.985 0.986 0.986 0.985 0.983 0.986 0.982
0 0 0 1 3 1 24 0.983 0.986 0.987 0.986 0.985 0.985 0.986 0.985 0.986 0.987
0 0 0 1 3 1 25 0.972 0.971 0.965 0.962 0.963 0.964 0.960 0.959 0.960 0.955
0 0 0 1 3 1 26 0.836 0.872 0.858 0.859 0.858 0.858 0.851 0.852 0.848 0.837
0 0 0 1 3 1 27 0.976 0.975 0.973 0.976 0.975 0.972 0.974 0.973 0.971 0.968
0 0 0 1 3 1 28 0.981 0.992 0.989 0.988 0.987 0.988 0.988 0.988 0.987 0.987
0 0 0 1 3 1 29 0.982 0.987 0.979 0.981 0.978 0.980 0.980 0.980 0.977 0.976
0 0 0 1 3 1 30 0.984 0.982 0.985 0.983 0.980 0.980 0.979 0.977 0.978 0.975
0 0 0 1 3 1 31 0.969 0.963 0.968 0.969 0.965 0.964 0.963 0.961 0.958 0.955
0 0 0 1 3 1 32 0.928 0.920 0.925 0.921 0.917 0.917 0.914 0.910 0.914 0.905
0 0 0 1 3 1 33 0.972 0.972 0.977 0.978 0.977 0.976 0.977 0.976 0.979 0.971
0 0 0 1 3 1 34 0.955 0.956 0.971 0.980 0.982 0.981 0.984 0.983 0.984 0.982
0 0 0 1 3 1 35 0.886 0.909 0.931 0.943 0.945 0.947 0.948 0.953 0.948 0.954
0 0 0 1 3 1 36 0.884 0.904 0.932 0.943 0.944 0.951 0.955 0.955 0.959 0.961
0 0 0 1 3 1 37 0.923 0.905 0.924 0.926 0.916 0.921 0.929 0.937 0.947 0.952
0 0 0 1 3 1 38 0.922 0.919 0.915 0.911 0.908 0.915 0.929 0.940 0.949 0.955
0 0 0 1 3 1 39 0.960 0.955 0.963 0.965 0.965 0.964 0.969 0.972 0.971 0.972
0 0 0 1 3 1 40 0.969 0.972 0.975 0.973 0.975 0.973 0.973 0.973 0.978 0.971
0 0 0 1 3 1 41 0.949 0.949 0.940 0.950 0.948 0.948 0.949 0.949 0.943 0.951
0 0 0 1 3 1 42 0.966 0.964 0.972 0.963 0.964 0.965 0.967 0.966 0.965 0.960
0 0 0 1 3 1 43 0.966 0.959 0.966 0.963 0.960 0.965 0.965 0.965 0.963 0.970
0 0 0 1 3 1 44 0.963 0.932 0.949 0.953 0.951 0.951 0.954 0.951 0.951 0.950
0 0 0 1 3 1 45 0.926 0.947 0.952 0.944 0.948 0.948 0.947 0.951 0.949 0.941
0 0 0 1 3 1 46 0.946 0.954 0.965 0.965 0.965 0.967 0.964 0.964 0.964 0.969
0 0 0 1 3 1 47 0.919 0.919 0.929 0.934 0.934 0.940 0.942 0.945 0.934 0.935
