## root/medium_muon_2016GH/2016GH_IDISO_plus.root muonEffi_data_eta_pt
ETA 0 0 48 -1 -2.4 -2.3 -2.2 -2.1 -2.0 -1.9 -1.8 -1.7 -1.6 -1.5 -1.4 -1.3 -1.2 -1.1 -1.0 -0.9 -0.8 -0.7 -0.6 -0.5 -0.4 -0.3 -0.2 -0.1 0.0 0.1 0.2 0.3 0.4 0.5 0.6 0.7 0.8 0.9 1.0 1.1 1.2 1.3 1.4 1.5 1.6 1.7 1.8 1.9 2.0 2.1 2.2 2.3 2.4
PT 0 0 10 -1 10.0 15.0 20.0 25.0 30.0 35.0 40.0 45.0 50.0 60.0 120.0
0 0 0 0 0 0 0 0.882 0.916 0.925 0.954 0.958 0.973 0.976 0.979 0.980 0.971
0 0 0 0 0 0 1 0.888 0.917 0.933 0.955 0.972 0.978 0.983 0.987 0.990 0.986
0 0 0 0 0 0 2 0.835 0.830 0.839 0.877 0.890 0.897 0.908 0.908 0.897 0.901
0 0 0 0 0 0 3 0.868 0.901 0.913 0.953 0.966 0.974 0.982 0.982 0.984 0.983
0 0 0 0 0 0 4 0.844 0.898 0.906 0.938 0.955 0.968 0.973 0.976 0.975 0.968
0 0 0 0 0 0 5 0.846 0.887 0.922 0.944 0.961 0.971 0.979 0.983 0.984 0.972
0 0 0 0 0 0 6 0.859 0.889 0.923 0.938 0.956 0.966 0.972 0.976 0.978 0.971
0 0 0 0 0 0 7 0.845 0.892 0.938 0.948 0.965 0.978 0.982 0.985 0.985 0.980
0 0 0 0 0 0 8 0.822 0.891 0.916 0.948 0.962 0.973 0.985 0.989 0.989 0.978
0 0 0 0 0 0 9 0.808 0.878 0.909 0.942 0.957 0.973 0.984 0.985 0.988 0.980
0 0 0 0 0 0 10 0.790 0.856 0.894 0.931 0.951 0.973 0.982 0.984 0.983 0.981
0 0 0 0 0 0 11 0.776 0.832 0.885 0.925 0.948 0.969 0.980 0.984 0.983 0.986
0 0 0 0 0 0 12 0.799 0.854 0.884 0.913 0.946 0.961 0.972 0.974 0.972 0.971
0 0 0 0 0 0 13 0.763 0.848 0.896 0.931 0.953 0.971 0.980 0.984 0.984 0.980
0 0 0 0 0 0 14 0.766 0.870 0.906 0.932 0.955 0.972 0.981 0.984 0.983 0.982
0 0 0 0 0 0 15 0.788 0.869 0.900 0.935 0.955 0.970 0.981 0.983 0.984 0.980
0 0 0 0 0 0 16 0.815 0.858 0.894 0.934 0.958 0.971 0.980 0.983 0.984 0.984
0 0 0 0 0 0 17 0.788 0.856 0.904 0.929 0.956 0.972 0.982 0.986 0.983 0.984
0 0 0 0 0 0 18 0.777 0.872 0.894 0.932 0.958 0.971 0.980 0.983 0.983 0.980
0 0 0 0 0 0 19 0.814 0.848 0.902 0.939 0.956 0.975 0.982 0.986 0.987 0.985
0 0 0 0 0 0 20 0.795 0.844 0.901 0.938 0.961 0.972 0.980 0.986 0.983 0.988
0 0 0 0 0 0 21 0.790 0.849 0.887 0.919 0.941 0.953 0.964 0.969 0.967 0.967
0 0 0 0 0 0 22 0.756 0.834 0.894 0.929 0.948 0.960 0.970 0.972 0.973 0.971
0 0 0 0 0 0 23 0.793 0.856 0.902 0.941 0.958 0.972 0.981 0.986 0.984 0.984
0 0 0 0 0 0 24 0.797 0.843 0.904 0.936 0.957 0.971 0.980 0.985 0.985 0.986
0 0 0 0 0 0 25 0.764 0.833 0.895 0.929 0.950 0.959 0.968 0.974 0.975 0.967
0 0 0 0 0 0 26 0.782 0.830 0.885 0.919 0.941 0.953 0.962 0.965 0.967 0.967
0 0 0 0 0 0 27 0.787 0.844 0.894 0.935 0.955 0.972 0.979 0.983 0.984 0.985
0 0 0 0 0 0 28 0.741 0.868 0.905 0.935 0.958 0.973 0.981 0.985 0.985 0.984
0 0 0 0 0 0 29 0.797 0.870 0.907 0.936 0.956 0.971 0.981 0.984 0.983 0.983
0 0 0 0 0 0 30 0.779 0.864 0.903 0.934 0.959 0.973 0.982 0.985 0.986 0.985
0 0 0 0 0 0 31 0.768 0.858 0.905 0.933 0.962 0.973 0.981 0.986 0.983 0.984
0 0 0 0 0 0 32 0.799 0.860 0.898 0.938 0.957 0.969 0.981 0.982 0.982 0.981
0 0 0 0 0 0 33 0.787 0.868 0.908 0.928 0.952 0.967 0.978 0.981 0.981 0.977
0 0 0 0 0 0 34 0.772 0.839 0.889 0.928 0.949 0.967 0.977 0.981 0.980 0.973
0 0 0 0 0 0 35 0.788 0.853 0.874 0.917 0.941 0.959 0.969 0.973 0.973 0.963
0 0 0 0 0 0 36 0.785 0.867 0.883 0.931 0.953 0.968 0.979 0.985 0.981 0.979
0 0 0 0 0 0 37 0.776 0.863 0.888 0.927 0.952 0.970 0.982 0.984 0.983 0.981
0 0 0 0 0 0 38 0.803 0.873 0.919 0.934 0.957 0.972 0.983 0.986 0.984 0.981
0 0 0 0 0 0 39 0.834 0.897 0.934 0.949 0.964 0.979 0.986 0.990 0.988 0.982
0 0 0 0 0 0 40 0.829 0.890 0.918 0.949 0.967 0.980 0.985 0.989 0.984 0.981
0 0 0 0 0 0 41 0.857 0.905 0.907 0.950 0.961 0.972 0.981 0.980 0.980 0.979
0 0 0 0 0 0 42 0.857 0.898 0.922 0.948 0.965 0.974 0.983 0.987 0.987 0.983
0 0 0 0 0 0 43 0.873 0.898 0.925 0.946 0.956 0.971 0.979 0.983 0.979 0.973
0 0 0 0 0 0 44 0.857 0.897 0.923 0.945 0.969 0.977 0.986 0.987 0.984 0.981
0 0 0 0 0 0 45 0.814 0.852 0.875 0.885 0.895 0.903 0.908 0.913 0.917 0.913
0 0 0 0 0 0 46 0.866 0.915 0.941 0.961 0.972 0.980 0.987 0.988 0.983 0.992
0 0 0 0 0 0 47 0.925 0.925 0.939 0.961 0.966 0.973 0.982 0.984 0.979 0.948
## root/medium_muon_2016GH/2016GH_IDISO_plus.root muonEffi_mc_eta_pt
ETA 0 0 48 -1 -2.4 -2.3 -2.2 -2.1 -2.0 -1.9 -1.8 -1.7 -1.6 -1.5 -1.4 -1.3 -1.2 -1.1 -1.0 -0.9 -0.8 -0.7 -0.6 -0.5 -0.4 -0.3 -0.2 -0.1 0.0 0.1 0.2 0.3 0.4 0.5 0.6 0.7 0.8 0.9 1.0 1.1 1.2 1.3 1.4 1.5 1.6 1.7 1.8 1.9 2.0 2.1 2.2 2.3 2.4
PT 0 0 10 -1 10.0 15.0 20.0 25.0 30.0 35.0 40.0 45.0 50.0 60.0 120.0
0 0 0 1 0 0 0 0.909 0.929 0.949 0.963 0.976 0.984 0.984 0.991 0.988 0.987
0 0 0 1 0 0 1 0.909 0.930 0.945 0.962 0.975 0.982 0.989 0.991 0.991 0.994
0 0 0 1 0 0 2 0.860 0.907 0.909 0.940 0.950 0.964 0.967 0.970 0.972 0.968
0 0 0 1 0 0 3 0.897 0.896 0.938 0.957 0.974 0.983 0.989 0.993 0.992 0.989
0 0 0 1 0 0 4 0.885 0.917 0.935 0.959 0.969 0.981 0.988 0.991 0.992 0.988
0 0 0 1 0 0 5 0.871 0.907 0.937 0.952 0.971 0.980 0.987 0.991 0.994 0.991
0 0 0 1 0 0 6 0.865 0.903 0.933 0.952 0.967 0.980 0.989 0.993 0.989 0.993
0 0 0 1 0 0 7 0.867 0.911 0.935 0.952 0.966 0.979 0.989 0.991 0.993 0.992
0 0 0 1 0 0 8 0.860 0.905 0.926 0.948 0.965 0.979 0.989 0.992 0.992 0.991
0 0 0 1 0 0 9 0.848 0.891 0.906 0.947 0.960 0.975 0.988 0.990 0.989 0.986
0 0 0 1 0 0 10 0.816 0.880 0.911 0.933 0.957 0.975 0.985 0.988 0.987 0.976
0 0 0 1 0 0 11 0.790 0.870 0.902 0.928 0.953 0.972 0.983 0.985 0.985 0.981
0 0 0 1 0 0 12 0.823 0.852 0.896 0.931 0.950 0.967 0.979 0.983 0.981 0.980
0 0 0 1 0 0 13 0.781 0.867 0.901 0.934 0.958 0.975 0.986 0.989 0.988 0.988
0 0 0 1 0 0 14 0.825 0.875 0.914 0.940 0.959 0.977 0.982 0.989 0.988 0.985
0 0 0 1 0 0 15 0.822 0.887 0.914 0.938 0.957 0.975 0.983 0.986 0.988 0.989
0 0 0 1 0 0 16 0.835 0.870 0.910 0.943 0.960 0.973 0.985 0.989 0.988 0.990
0 0 0 1 0 0 17 0.809 0.879 0.911 0.946 0.962 0.978 0.986 0.990 0.990 0.988
0 0 0 1 0 0 18 0.860 0.883 0.908 0.939 0.961 0.977 0.985 0.990 0.990 0.991
0 0 0 1 0 0 19 0.817 0.872 0.909 0.944 0.963 0.975 0.987 0.990 0.990 0.985
0 0 0 1 0 0 20 0.820 0.871 0.905 0.945 0.966 0.978 0.984 0.989 0.990 0.989
0 0 0 1 0 0 21 0.792 0.851 0.911 0.936 0.956 0.968 0.974 0.978 0.980 0.976
0 0 0 1 0 0 22 0.767 0.842 0.910 0.940 0.953 0.969 0.977 0.979 0.980 0.980
0 0 0 1 0 0 23 0.769 0.853 0.913 0.941 0.960 0.974 0.982 0.985 0.983 0.987
0 0 0 1 0 0 24 0.800 0.880 0.911 0.944 0.959 0.974 0.982 0.984 0.987 0.983
0 0 0 1 0 0 25 0.791 0.843 0.906 0.936 0.957 0.969 0.978 0.980 0.980 0.979
0 0 0 1 0 0 26 0.770 0.859 0.898 0.934 0.951 0.963 0.973 0.977 0.976 0.973
0 0 0 1 0 0 27 0.819 0.876 0.906 0.943 0.963 0.974 0.984 0.988 0.985 0.986
0 0 0 1 0 0 28 0.837 0.885 0.914 0.945 0.966 0.978 0.986 0.988 0.989 0.990
0 0 0 1 0 0 29 0.823 0.871 0.905 0.943 0.963 0.977 0.986 0.988 0.989 0.987
0 0 0 1 0 0 30 0.831 0.876 0.916 0.939 0.967 0.977 0.985 0.988 0.988 0.987
0 0 0 1 0 0 31 0.843 0.873 0.912 0.938 0.962 0.976 0.983 0.988 0.988 0.989
0 0 0 1 0 0 32 0.834 0.866 0.912 0.935 0.963 0.973 0.983 0.987 0.988 0.985
0 0 0 1 0 0 33 0.824 0.861 0.911 0.936 0.956 0.973 0.985 0.988 0.988 0.986
0 0 0 1 0 0 34 0.780 0.863 0.907 0.927 0.952 0.971 0.983 0.985 0.990 0.982
0 0 0 1 0 0 35 0.800 0.856 0.893 0.923 0.950 0.970 0.982 0.983 0.983 0.980
0 0 0 1 0 0 36 0.814 0.858 0.896 0.925 0.957 0.969 0.982 0.986 0.985 0.982
0 0 0 1 0 0 37 0.817 0.871 0.905 0.932 0.951 0.971 0.985 0.988 0.986 0.978
0 0 0 1 0 0 38 0.845 0.874 0.911 0.941 0.959 0.974 0.985 0.988 0.985 0.986
0 0 0 1 0 0 39 0.848 0.885 0.931 0.951 0.969 0.979 0.987 0.991 0.990 0.992
0 0 0 1 0 0 40 0.871 0.895 0.926 0.951 0.965 0.978 0.989 0.993 0.993 0.991
0 0 0 1 0 0 41 0.877 0.901 0.941 0.954 0.963 0.980 0.987 0.992 0.993 0.991
0 0 0 1 0 0 42 0.861 0.906 0.932 0.951 0.969 0.978 0.988 0.990 0.991 0.991
0 0 0 1 0 0 43 0.870 0.896 0.939 0.955 0.970 0.982 0.988 0.993 0.993 0.992
0 0 0 1 0 0 44 0.891 0.917 0.928 0.953 0.970 0.978 0.990 0.992 0.993 0.992
0 0 0 1 0 0 45 0.865 0.908 0.918 0.937 0.950 0.957 0.964 0.972 0.970 0.967
0 0 0 1 0 0 46 0.885 0.930 0.943 0.961 0.976 0.982 0.990 0.994 0.991 0.997
0 0 0 1 0 0 47 0.920 0.936 0.945 0.967 0.970 0.980 0.988 0.990 0.989 0.990
## root/medium_muon_2016GH/2016GH_IDISO_minus.root muonEffi_data_eta_pt
ETA 0 0 48 -1 -2.4 -2.3 -2.2 -2.1 -2.0 -1.9 -1.8 -1.7 -1.6 -1.5 -1.4 -1.3 -1.2 -1.1 -1.0 -0.9 -0.8 -0.7 -0.6 -0.5 -0.4 -0.3 -0.2 -0.1 0.0 0.1 0.2 0.3 0.4 0.5 0.6 0.7 0.8 0.9 1.0 1.1 1.2 1.3 1.4 1.5 1.6 1.7 1.8 1.9 2.0 2.1 2.2 2.3 2.4
PT 0 0 10 -1 10.0 15.0 20.0 25.0 30.0 35.0 40.0 45.0 50.0 60.0 120.0
0 0 0 0 0 1 0 0.888 0.911 0.935 0.951 0.961 0.972 0.979 0.978 0.976 0.967
0 0 0 0 0 1 1 0.883 0.898 0.933 0.959 0.969 0.980 0.985 0.987 0.982 0.974
0 0 0 0 0 1 2 0.792 0.859 0.847 0.877 0.882 0.901 0.906 0.909 0.906 0.901
0 0 0 0 0 1 3 0.842 0.910 0.931 0.951 0.961 0.969 0.981 0.983 0.984 0.975
0 0 0 0 0 1 4 0.861 0.888 0.915 0.942 0.955 0.967 0.974 0.978 0.977 0.969
0 0 0 0 0 1 5 0.860 0.901 0.931 0.950 0.960 0.969 0.980 0.983 0.984 0.979
0 0 0 0 0 1 6 0.851 0.886 0.915 0.939 0.954 0.968 0.973 0.974 0.976 0.974
0 0 0 0 0 1 7 0.854 0.889 0.914 0.943 0.964 0.973 0.982 0.987 0.986 0.983
0 0 0 0 0 1 8 0.844 0.887 0.923 0.947 0.963 0.976 0.986 0.989 0.988 0.983
0 0 0 0 0 1 9 0.803 0.882 0.910 0.944 0.958 0.975 0.983 0.987 0.986 0.980
0 0 0 0 0 1 10 0.789 0.874 0.898 0.927 0.951 0.972 0.982 0.987 0.984 0.979
0 0 0 0 0 1 11 0.803 0.863 0.891 0.931 0.953 0.967 0.980 0.986 0.981 0.982
0 0 0 0 0 1 12 0.779 0.850 0.873 0.911 0.941 0.960 0.972 0.975 0.973 0.969
0 0 0 0 0 1 13 0.776 0.876 0.894 0.936 0.951 0.970 0.982 0.984 0.983 0.975
0 0 0 0 0 1 14 0.823 0.865 0.900 0.932 0.953 0.972 0.980 0.983 0.985 0.981
0 0 0 0 0 1 15 0.780 0.873 0.907 0.933 0.954 0.970 0.981 0.984 0.984 0.977
0 0 0 0 0 1 16 0.766 0.860 0.896 0.930 0.955 0.969 0.979 0.984 0.985 0.982
0 0 0 0 0 1 17 0.796 0.876 0.893 0.932 0.955 0.973 0.981 0.985 0.986 0.983
0 0 0 0 0 1 18 0.804 0.847 0.901 0.936 0.958 0.972 0.981 0.985 0.982 0.982
0 0 0 0 0 1 19 0.792 0.868 0.898 0.942 0.961 0.975 0.982 0.986 0.987 0.984
0 0 0 0 0 1 20 0.798 0.858 0.899 0.934 0.957 0.974 0.981 0.985 0.984 0.983
0 0 0 0 0 1 21 0.792 0.829 0.879 0.915 0.943 0.953 0.963 0.967 0.968 0.964
0 0 0 0 0 1 22 0.793 0.837 0.889 0.923 0.946 0.960 0.969 0.973 0.974 0.972
0 0 0 0 0 1 23 0.780 0.871 0.902 0.939 0.960 0.973 0.980 0.984 0.982 0.985
0 0 0 0 0 1 24 0.764 0.847 0.893 0.939 0.957 0.970 0.980 0.984 0.985 0.982
0 0 0 0 0 1 25 0.812 0.838 0.895 0.924 0.948 0.963 0.971 0.976 0.974 0.970
0 0 0 0 0 1 26 0.770 0.842 0.887 0.920 0.940 0.953 0.963 0.966 0.965 0.963
0 0 0 0 0 1 27 0.766 0.846 0.895 0.931 0.955 0.970 0.980 0.983 0.979 0.982
0 0 0 0 0 1 28 0.798 0.845 0.909 0.935 0.958 0.971 0.982 0.985 0.986 0.983
0 0 0 0 0 1 29 0.768 0.848 0.904 0.931 0.958 0.974 0.982 0.985 0.983 0.980
0 0 0 0 0 1 30 0.762 0.852 0.901 0.934 0.960 0.971 0.983 0.985 0.983 0.985
0 0 0 0 0 1 31 0.773 0.843 0.896 0.938 0.955 0.974 0.982 0.985 0.983 0.985
0 0 0 0 0 1 32 0.775 0.844 0.898 0.941 0.952 0.972 0.980 0.984 0.984 0.986
0 0 0 0 0 1 33 0.789 0.858 0.893 0.929 0.951 0.969 0.978 0.980 0.979 0.978
0 0 0 0 0 1 34 0.774 0.838 0.889 0.921 0.954 0.966 0.978 0.984 0.978 0.977
0 0 0 0 0 1 35 0.759 0.839 0.883 0.913 0.944 0.957 0.969 0.973 0.971 0.958
0 0 0 0 0 1 36 0.801 0.838 0.891 0.933 0.949 0.969 0.980 0.984 0.981 0.966
0 0 0 0 0 1 37 0.807 0.858 0.897 0.934 0.959 0.970 0.980 0.986 0.981 0.969
0 0 0 0 0 1 38 0.809 0.867 0.909 0.942 0.958 0.970 0.983 0.987 0.988 0.978
0 0 0 0 0 1 39 0.826 0.886 0.925 0.948 0.966 0.977 0.986 0.987 0.988 0.981
0 0 0 0 0 1 40 0.856 0.894 0.929 0.951 0.969 0.977 0.986 0.989 0.990 0.979
0 0 0 0 0 1 41 0.816 0.893 0.928 0.947 0.961 0.973 0.980 0.981 0.984 0.974
0 0 0 0 0 1 42 0.806 0.890 0.930 0.950 0.967 0.973 0.982 0.984 0.986 0.983
0 0 0 0 0 1 43 0.847 0.898 0.913 0.948 0.960 0.973 0.979 0.981 0.980 0.976
0 0 0 0 0 1 44 0.846 0.906 0.925 0.950 0.965 0.978 0.984 0.987 0.985 0.981
0 0 0 0 0 1 45 0.777 0.803 0.856 0.884 0.891 0.904 0.914 0.914 0.919 0.905
0 0 0 0 0 1 46 0.892 0.927 0.943 0.966 0.969 0.980 0.987 0.990 0.988 0.979
0 0 0 0 0 1 47 0.886 0.928 0.936 0.957 0.966 0.974 0.981 0.981 0.981 0.967
## root/medium_muon_2016GH/2016GH_IDISO_minus.root muonEffi_mc_eta_pt
ETA 0 0 48 -1 -2.4 -2.3 -2.2 -2.1 -2.0 -1.9 -1.8 -1.7 -1.6 -1.5 -1.4 -1.3 -1.2 -1.1 -1.0 -0.9 -0.8 -0.7 -0.6 -0.5 -0.4 -0.3 -0.2 -0.1 0.0 0.1 0.2 0.3 0.4 0.5 0.6 0.7 0.8 0.9 1.0 1.1 1.2 1.3 1.4 1.5 1.6 1.7 1.8 1.9 2.0 2.1 2.2 2.3 2.4
PT 0 0 10 -1 10.0 15.0 20.0 25.0 30.0 35.0 40.0 45.0 50.0 60.0 120.0
0 0 0 1 0 1 0 0.917 0.935 0.955 0.962 0.974 0.981 0.986 0.990 0.983 0.979
0 0 0 1 0 1 1 0.894 0.938 0.947 0.961 0.976 0.983 0.990 0.991 0.989 0.987
0 0 0 1 0 1 2 0.864 0.901 0.914 0.937 0.948 0.959 0.962 0.972 0.968 0.978
0 0 0 1 0 1 3 0.867 0.913 0.937 0.960 0.970 0.982 0.990 0.993 0.993 0.992
0 0 0 1 0 1 4 0.877 0.915 0.938 0.960 0.972 0.980 0.990 0.991 0.993 0.993
0 0 0 1 0 1 5 0.868 0.905 0.936 0.953 0.972 0.982 0.989 0.989 0.995 0.992
0 0 0 1 0 1 6 0.877 0.916 0.927 0.958 0.969 0.981 0.990 0.991 0.991 0.992
0 0 0 1 0 1 7 0.875 0.892 0.936 0.954 0.967 0.980 0.989 0.992 0.992 0.991
0 0 0 1 0 1 8 0.857 0.901 0.927 0.955 0.966 0.980 0.988 0.991 0.991 0.994
0 0 0 1 0 1 9 0.849 0.898 0.925 0.947 0.962 0.977 0.988 0.990 0.989 0.989
0 0 0 1 0 1 10 0.830 0.878 0.913 0.935 0.959 0.976 0.984 0.989 0.986 0.975
0 0 0 1 0 1 11 0.828 0.862 0.898 0.931 0.953 0.971 0.980 0.985 0.985 0.983
0 0 0 1 0 1 12 0.802 0.856 0.887 0.925 0.948 0.970 0.978 0.982 0.983 0.974
0 0 0 1 0 1 13 0.795 0.877 0.912 0.932 0.957 0.973 0.984 0.989 0.989 0.985
0 0 0 1 0 1 14 0.841 0.875 0.904 0.937 0.955 0.974 0.984 0.988 0.988 0.983
0 0 0 1 0 1 15 0.824 0.879 0.910 0.942 0.962 0.977 0.986 0.986 0.988 0.988
0 0 0 1 0 1 16 0.856 0.875 0.909 0.936 0.962 0.976 0.986 0.988 0.989 0.990
0 0 0 1 0 1 17 0.845 0.872 0.910 0.939 0.964 0.977 0.987 0.990 0.991 0.987
0 0 0 1 0 1 18 0.828 0.883 0.921 0.942 0.966 0.977 0.988 0.988 0.991 0.989
0 0 0 1 0 1 19 0.801 0.880 0.917 0.941 0.965 0.978 0.986 0.989 0.988 0.991
0 0 0 1 0 1 20 0.821 0.871 0.908 0.945 0.962 0.979 0.985 0.989 0.991 0.988
0 0 0 1 0 1 21 0.799 0.857 0.896 0.932 0.956 0.966 0.974 0.979 0.980 0.975
0 0 0 1 0 1 22 0.784 0.858 0.902 0.937 0.959 0.969 0.976 0.978 0.980 0.981
0 0 0 1 0 1 23 0.803 0.866 0.911 0.941 0.960 0.974 0.980 0.986 0.985 0.982
0 0 0 1 0 1 24 0.770 0.868 0.914 0.945 0.963 0.976 0.982 0.986 0.985 0.984
0 0 0 1 0 1 25 0.803 0.873 0.913 0.937 0.960 0.969 0.979 0.981 0.980 0.980
0 0 0 1 0 1 26 0.777 0.863 0.894 0.932 0.950 0.964 0.972 0.973 0.976 0.974
0 0 0 1 0 1 27 0.793 0.860 0.911 0.945 0.961 0.975 0.983 0.987 0.988 0.986
0 0 0 1 0 1 28 0.810 0.862 0.914 0.943 0.964 0.977 0.984 0.990 0.989 0.987
0 0 0 1 0 1 29 0.821 0.871 0.906 0.943 0.965 0.976 0.986 0.987 0.991 0.988
0 0 0 1 0 1 30 0.815 0.882 0.911 0.940 0.962 0.978 0.985 0.989 0.988 0.986
0 0 0 1 0 1 31 0.817 0.865 0.907 0.938 0.960 0.975 0.983 0.987 0.987 0.990
0 0 0 1 0 1 32 0.837 0.867 0.906 0.940 0.958 0.976 0.983 0.985 0.986 0.983
0 0 0 1 0 1 33 0.805 0.858 0.908 0.934 0.954 0.974 0.982 0.986 0.986 0.986
0 0 0 1 0 1 34 0.794 0.865 0.901 0.930 0.954 0.973 0.983 0.987 0.987 0.985
0 0 0 1 0 1 35 0.816 0.846 0.886 0.927 0.950 0.970 0.981 0.983 0.982 0.979
0 0 0 1 0 1 36 0.815 0.851 0.903 0.931 0.952 0.969 0.980 0.987 0.986 0.977
0 0 0 1 0 1 37 0.817 0.870 0.912 0.940 0.954 0.975 0.984 0.986 0.986 0.977
0 0 0 1 0 1 38 0.840 0.868 0.918 0.942 0.962 0.973 0.985 0.987 0.988 0.982
0 0 0 1 0 1 39 0.853 0.890 0.915 0.950 0.965 0.980 0.988 0.991 0.991 0.988
0 0 0 1 0 1 40 0.870 0.899 0.943 0.953 0.964 0.979 0.989 0.990 0.992 0.990
0 0 0 1 0 1 41 0.859 0.906 0.930 0.955 0.968 0.980 0.987 0.991 0.991 0.989
0 0 0 1 0 1 42 0.857 0.909 0.933 0.952 0.968 0.980 0.988 0.990 0.991 0.990
0 0 0 1 0 1 43 0.867 0.911 0.938 0.961 0.970 0.980 0.989 0.993 0.992 0.991
0 0 0 1 0 1 44 0.887 0.924 0.938 0.953 0.970 0.982 0.989 0.992 0.991 0.993
0 0 0 1 0 1 45 0.865 0.902 0.913 0.928 0.950 0.961 0.965 0.970 0.971 0.974
0 0 0 1 0 1 46 0.915 0.920 0.944 0.965 0.976 0.986 0.992 0.993 0.992 0.988
0 0 0 1 0 1 47 0.910 0.941 0.940 0.961 0.974 0.985 0.990 0.989 0.989 0.986
## root/medium_muon_2016GH/2016GH_IsoMu24_plus.root muonEffi_data_eta_pt
ETA 0 1 48 -1 -2.4 -2.3 -2.2 -2.1 -2.0 -1.9 -1.8 -1.7 -1.6 -1.5 -1.4 -1.3 -1.2 -1.1 -1.0 -0.9 -0.8 -0.7 -0.6 -0.5 -0.4 -0.3 -0.2 -0.1 0.0 0.1 0.2 0.3 0.4 0.5 0.6 0.7 0.8 0.9 1.0 1.1 1.2 1.3 1.4 1.5 1.6 1.7 1.8 1.9 2.0 2.1 2.2 2.3 2.4
PT 0 1 7 -1 26.0 30.0 35.0 40.0 45.0 50.0 60.0 120.0
0 0 0 0 1 0 0 0.625 0.702 0.750 0.778 0.796 0.806 0.818
0 0 0 0 1 0 1 0.663 0.737 0.788 0.811 0.829 0.836 0.832
0 0 0 0 1 0 2 0.697 0.736 0.774 0.790 0.801 0.800 0.820
0 0 0 0 1 0 3 0.715 0.785 0.814 0.826 0.833 0.836 0.846
0 0 0 0 1 0 4 0.756 0.800 0.834 0.843 0.846 0.846 0.844
0 0 0 0 1 0 5 0.739 0.791 0.807 0.826 0.826 0.826 0.826
0 0 0 0 1 0 6 0.688 0.703 0.724 0.733 0.736 0.736 0.741
0 0 0 0 1 0 7 0.794 0.818 0.848 0.861 0.865 0.869 0.879
0 0 0 0 1 0 8 0.728 0.783 0.842 0.881 0.902 0.910 0.916
0 0 0 0 1 0 9 0.887 0.913 0.926 0.932 0.934 0.934 0.933
0 0 0 0 1 0 10 0.880 0.912 0.933 0.942 0.945 0.947 0.948
0 0 0 0 1 0 11 0.847 0.894 0.920 0.932 0.937 0.941 0.946
0 0 0 0 1 0 12 0.837 0.869 0.898 0.909 0.911 0.914 0.914
0 0 0 0 1 0 13 0.882 0.911 0.933 0.945 0.952 0.948 0.950
0 0 0 0 1 0 14 0.874 0.901 0.929 0.938 0.946 0.950 0.950
0 0 0 0 1 0 15 0.823 0.848 0.865 0.876 0.880 0.883 0.870
0 0 0 0 1 0 16 0.893 0.910 0.923 0.934 0.940 0.939 0.936
0 0 0 0 1 0 17 0.897 0.922 0.938 0.951 0.955 0.955 0.955
0 0 0 0 1 0 18 0.893 0.915 0.932 0.945 0.948 0.947 0.951
0 0 0 0 1 0 19 0.904 0.930 0.945 0.960 0.967 0.965 0.968
0 0 0 0 1 0 20 0.871 0.908 0.925 0.938 0.944 0.944 0.945
0 0 0 0 1 0 21 0.743 0.776 0.795 0.804 0.805 0.803 0.796
0 0 0 0 1 0 22 0.849 0.876 0.898 0.910 0.916 0.914 0.917
0 0 0 0 1 0 23 0.889 0.924 0.943 0.958 0.966 0.970 0.971
0 0 0 0 1 0 24 0.889 0.923 0.945 0.958 0.964 0.970 0.970
0 0 0 0 1 0 25 0.837 0.870 0.888 0.904 0.910 0.916 0.912
0 0 0 0 1 0 26 0.733 0.769 0.785 0.796 0.797 0.796 0.790
0 0 0 0 1 0 27 0.860 0.890 0.912 0.925 0.927 0.928 0.934
0 0 0 0 1 0 28 0.902 0.928 0.944 0.958 0.962 0.964 0.965
0 0 0 0 1 0 29 0.895 0.915 0.930 0.943 0.948 0.951 0.949
0 0 0 0 1 0 30 0.900 0.920 0.937 0.947 0.953 0.954 0.954
0 0 0 0 1 0 31 0.882 0.903 0.919 0.929 0.934 0.934 0.929
0 0 0 0 1 0 32 0.825 0.848 0.866 0.874 0.878 0.881 0.880
0 0 0 0 1 0 33 0.851 0.897 0.921 0.936 0.944 0.945 0.946
0 0 0 0 1 0 34 0.876 0.908 0.928 0.941 0.944 0.945 0.946
0 0 0 0 1 0 35 0.855 0.888 0.908 0.920 0.924 0.924 0.920
0 0 0 0 1 0 36 0.882 0.910 0.929 0.942 0.944 0.951 0.952
0 0 0 0 1 0 37 0.888 0.917 0.929 0.941 0.947 0.945 0.952
0 0 0 0 1 0 38 0.896 0.901 0.920 0.928 0.932 0.937 0.928
0 0 0 0 1 0 39 0.838 0.873 0.901 0.916 0.920 0.920 0.923
0 0 0 0 1 0 40 0.837 0.865 0.874 0.889 0.892 0.889 0.891
0 0 0 0 1 0 41 0.729 0.730 0.748 0.752 0.754 0.754 0.747
0 0 0 0 1 0 42 0.787 0.813 0.831 0.844 0.842 0.849 0.861
0 0 0 0 1 0 43 0.820 0.836 0.858 0.865 0.871 0.876 0.868
0 0 0 0 1 0 44 0.796 0.825 0.845 0.854 0.859 0.864 0.869
0 0 0 0 1 0 45 0.767 0.789 0.809 0.817 0.824 0.828 0.821
0 0 0 0 1 0 46 0.779 0.811 0.827 0.844 0.851 0.852 0.862
0 0 0 0 1 0 47 0.730 0.776 0.804 0.821 0.820 0.822 0.824
## root/medium_muon_2016GH/2016GH_IsoMu24_plus.root muonEffi_mc_eta_pt
ETA 0 1 48 -1 -2.4 -2.3 -2.2 -2.1 -2.0 -1.9 -1.8 -1.7 -1.6 -1.5 -1.4 -1.3 -1.2 -1.1 -1.0 -0.9 -0.8 -0.7 -0.6 -0.5 -0.4 -0.3 -0.2 -0.1 0.0 0.1 0.2 0.3 0.4 0.5 0.6 0.7 0.8 0.9 1.0 1.1 1.2 1.3 1.4 1.5 1.6 1.7 1.8 1.9 2.0 2.1 2.2 2.3 2.4
PT 0 1 7 -1 26.0 30.0 35.0 40.0 45.0 50.0 60.0 120.0
0 0 0 1 1 0 0 0.732 0.768 0.807 0.827 0.824 0.830 0.824
0 0 0 1 1 0 1 0.802 0.838 0.862 0.873 0.878 0.887 0.890
0 0 0 1 1 0 2 0.724 0.751 0.773 0.792 0.791 0.800 0.820
0 0 0 1 1 0 3 0.796 0.823 0.844 0.862 0.872 0.876 0.861
0 0 0 1 1 0 4 0.830 0.854 0.875 0.888 0.887 0.893 0.883
0 0 0 1 1 0 5 0.825 0.841 0.860 0.868 0.875 0.877 0.883
0 0 0 1 1 0 6 0.710 0.732 0.735 0.753 0.753 0.754 0.770
0 0 0 1 1 0 7 0.812 0.843 0.860 0.880 0.884 0.888 0.897
0 0 0 1 1 0 8 0.781 0.818 0.846 0.869 0.881 0.875 0.875
0 0 0 1 1 0 9 0.809 0.825 0.838 0.851 0.861 0.868 0.861
0 0 0 1 1 0 10 0.872 0.892 0.904 0.915 0.925 0.921 0.927
0 0 0 1 1 0 11 0.876 0.899 0.924 0.936 0.938 0.945 0.946
0 0 0 1 1 0 12 0.880 0.908 0.931 0.941 0.949 0.949 0.955
0 0 0 1 1 0 13 0.909 0.940 0.962 0.973 0.974 0.978 0.979
0 0 0 1 1 0 14 0.896 0.922 0.949 0.956 0.963 0.970 0.965
0 0 0 1 1 0 15 0.838 0.853 0.867 0.882 0.881 0.891 0.881
0 0 0 1 1 0 16 0.887 0.905 0.922 0.933 0.936 0.940 0.938
0 0 0 1 1 0 17 0.907 0.926 0.942 0.951 0.955 0.957 0.958
0 0 0 1 1 0 18 0.901 0.921 0.939 0.950 0.954 0.955 0.959
0 0 0 1 1 0 19 0.910 0.934 0.954 0.963 0.966 0.969 0.968
0 0 0 1 1 0 20 0.892 0.915 0.932 0.947 0.952 0.954 0.946
0 0 0 1 1 0 21 0.787 0.812 0.824 0.838 0.839 0.841 0.848
0 0 0 1 1 0 22 0.873 0.897 0.916 0.926 0.933 0.934 0.933
0 0 0 1 1 0 23 0.905 0.934 0.953 0.963 0.969 0.968 0.970
0 0 0 1 1 0 24 0.899 0.930 0.947 0.961 0.969 0.969 0.973
0 0 0 1 1 0 25 0.869 0.902 0.913 0.932 0.932 0.934 0.938
0 0 0 1 1 0 26 0.782 0.805 0.818 0.825 0.829 0.831 0.823
0 0 0 1 1 0 27 0.889 0.915 0.929 0.944 0.946 0.952 0.944
0 0 0 1 1 0 28 0.894 0.928 0.952 0.962 0.966 0.970 0.967
0 0 0 1 1 0 29 0.888 0.919 0.937 0.950 0.953 0.955 0.960
0 0 0 1 1 0 30 0.897 0.922 0.937 0.948 0.956 0.959 0.960
0 0 0 1 1 0 31 0.870 0.895 0.915 0.925 0.933 0.929 0.933
0 0 0 1 1 0 32 0.820 0.853 0.871 0.880 0.879 0.888 0.895
0 0 0 1 1 0 33 0.897 0.928 0.948 0.963 0.967 0.967 0.971
0 0 0 1 1 0 34 0.913 0.941 0.961 0.974 0.979 0.979 0.981
0 0 0 1 1 0 35 0.880 0.907 0.935 0.947 0.950 0.954 0.950
0 0 0 1 1 0 36 0.882 0.909 0.928 0.939 0.946 0.946 0.949
0 0 0 1 1 0 37 0.858 0.882 0.909 0.916 0.916 0.919 0.935
0 0 0 1 1 0 38 0.813 0.834 0.850 0.858 0.864 0.859 0.858
0 0 0 1 1 0 39 0.787 0.836 0.860 0.879 0.879 0.887 0.894
0 0 0 1 1 0 40 0.859 0.882 0.901 0.914 0.915 0.913 0.925
0 0 0 1 1 0 41 0.762 0.778 0.799 0.806 0.810 0.815 0.817
0 0 0 1 1 0 42 0.828 0.852 0.864 0.883 0.883 0.890 0.889
0 0 0 1 1 0 43 0.853 0.879 0.894 0.906 0.911 0.907 0.910
0 0 0 1 1 0 44 0.820 0.835 0.857 0.869 0.875 0.889 0.882
0 0 0 1 1 0 45 0.755 0.775 0.795 0.801 0.805 0.808 0.823
0 0 0 1 1 0 46 0.829 0.853 0.868 0.887 0.904 0.902 0.899
0 0 0 1 1 0 47 0.771 0.807 0.832 0.844 0.858 0.853 0.867
## root/medium_muon_2016GH/2016GH_IsoMu24_minus.root muonEffi_data_eta_pt
ETA 0 1 48 -1 -2.4 -2.3 -2.2 -2.1 -2.0 -1.9 -1.8 -1.7 -1.6 -1.5 -1.4 -1.3 -1.2 -1.1 -1.0 -0.9 -0.8 -0.7 -0.6 -0.5 -0.4 -0.3 -0.2 -0.1 0.0 0.1 0.2 0.3 0.4 0.5 0.6 0.7 0.8 0.9 1.0 1.1 1.2 1.3 1.4 1.5 1.6 1.7 1.8 1.9 2.0 2.1 2.2 2.3 2.4
PT 0 1 7 -1 26.0 30.0 35.0 40.0 45.0 50.0 60.0 120.0
0 0 0 0 1 1 0 0.768 0.796 0.816 0.829 0.829 0.842 0.837
0 0 0 0 1 1 1 0.791 0.827 0.841 0.859 0.857 0.869 0.866
0 0 0 0 1 1 2 0.766 0.801 0.814 0.829 0.836 0.831 0.843
0 0 0 0 1 1 3 0.800 0.828 0.840 0.858 0.862 0.858 0.860
0 0 0 0 1 1 4 0.807 0.829 0.849 0.860 0.867 0.871 0.870
0 0 0 0 1 1 5 0.792 0.807 0.826 0.833 0.840 0.844 0.835
0 0 0 0 1 1 6 0.708 0.726 0.732 0.741 0.743 0.740 0.730
0 0 0 0 1 1 7 0.803 0.833 0.862 0.873 0.880 0.886 0.883
0 0 0 0 1 1 8 0.799 0.852 0.896 0.922 0.928 0.931 0.931
0 0 0 0 1 1 9 0.916 0.927 0.939 0.949 0.951 0.952 0.944
0 0 0 0 1 1 10 0.912 0.932 0.948 0.960 0.965 0.969 0.970
0 0 0 0 1 1 11 0.914 0.931 0.945 0.958 0.963 0.968 0.965
0 0 0 0 1 1 12 0.868 0.889 0.911 0.919 0.923 0.925 0.916
0 0 0 0 1 1 13 0.874 0.903 0.927 0.940 0.944 0.948 0.946
0 0 0 0 1 1 14 0.826 0.881 0.916 0.929 0.940 0.939 0.936
0 0 0 0 1 1 15 0.829 0.860 0.875 0.887 0.886 0.886 0.884
0 0 0 0 1 1 16 0.892 0.914 0.933 0.943 0.946 0.948 0.946
0 0 0 0 1 1 17 0.905 0.927 0.944 0.954 0.958 0.960 0.960
0 0 0 0 1 1 18 0.900 0.917 0.940 0.949 0.954 0.955 0.952
0 0 0 0 1 1 19 0.909 0.935 0.954 0.965 0.969 0.970 0.969
0 0 0 0 1 1 20 0.881 0.910 0.932 0.942 0.946 0.948 0.946
0 0 0 0 1 1 21 0.752 0.776 0.793 0.806 0.809 0.810 0.811
0 0 0 0 1 1 22 0.857 0.885 0.904 0.915 0.923 0.919 0.924
0 0 0 0 1 1 23 0.894 0.925 0.947 0.962 0.968 0.968 0.974
0 0 0 0 1 1 24 0.895 0.925 0.948 0.962 0.967 0.971 0.974
0 0 0 0 1 1 25 0.852 0.877 0.897 0.910 0.918 0.918 0.921
0 0 0 0 1 1 26 0.747 0.771 0.788 0.800 0.800 0.803 0.791
0 0 0 0 1 1 27 0.868 0.902 0.918 0.928 0.935 0.933 0.937
0 0 0 0 1 1 28 0.903 0.934 0.949 0.964 0.968 0.968 0.968
0 0 0 0 1 1 29 0.893 0.923 0.938 0.949 0.950 0.954 0.949
0 0 0 0 1 1 30 0.903 0.928 0.942 0.953 0.955 0.959 0.960
0 0 0 0 1 1 31 0.885 0.913 0.931 0.940 0.942 0.941 0.942
0 0 0 0 1 1 32 0.825 0.859 0.874 0.884 0.887 0.883 0.884
0 0 0 0 1 1 33 0.870 0.898 0.921 0.935 0.939 0.942 0.945
0 0 0 0 1 1 34 0.862 0.902 0.921 0.937 0.941 0.942 0.942
0 0 0 0 1 1 35 0.857 0.881 0.899 0.914 0.917 0.921 0.918
0 0 0 0 1 1 36 0.834 0.887 0.915 0.928 0.935 0.941 0.940
0 0 0 0 1 1 37 0.864 0.892 0.913 0.930 0.934 0.935 0.944
0 0 0 0 1 1 38 0.859 0.888 0.907 0.916 0.921 0.924 0.925
0 0 0 0 1 1 39 0.729 0.788 0.835 0.870 0.888 0.901 0.914
0 0 0 0 1 1 40 0.805 0.840 0.866 0.881 0.887 0.892 0.891
0 0 0 0 1 1 41 0.723 0.728 0.750 0.756 0.757 0.755 0.755
0 0 0 0 1 1 42 0.767 0.803 0.828 0.841 0.842 0.844 0.843
0 0 0 0 1 1 43 0.785 0.825 0.847 0.864 0.867 0.871 0.881
0 0 0 0 1 1 44 0.756 0.799 0.829 0.847 0.851 0.852 0.857
0 0 0 0 1 1 45 0.715 0.760 0.787 0.805 0.814 0.801 0.822
0 0 0 0 1 1 46 0.681 0.742 0.787 0.815 0.829 0.837 0.849
0 0 0 0 1 1 47 0.636 0.701 0.736 0.771 0.792 0.785 0.812
## root/medium_muon_2016GH/2016GH_IsoMu24_minus.root muonEffi_mc_eta_pt
ETA 0 1 48 -1 -2.4 -2.3 -2.2 -2.1 -2.0 -1.9 -1.8 -1.7 -1.6 -1.5 -1.4 -1.3 -1.2 -1.1 -1.0 -0.9 -0.8 -0.7 -0.6 -0.5 -0.4 -0.3 -0.2 -0.1 0.0 0.1 0.2 0.3 0.4 0.5 0.6 0.7 0.8 0.9 1.0 1.1 1.2 1.3 1.4 1.5 1.6 1.7 1.8 1.9 2.0 2.1 2.2 2.3 2.4
PT 0 1 7 -1 26.0 30.0 35.0 40.0 45.0 50.0 60.0 120.0
0 0 0 1 1 1 0 0.757 0.792 0.813 0.827 0.834 0.830 0.849
0 0 0 1 1 1 1 0.823 0.850 0.868 0.882 0.897 0.895 0.888
0 0 0 1 1 1 2 0.730 0.770 0.782 0.792 0.799 0.804 0.805
0 0 0 1 1 1 3 0.816 0.838 0.851 0.871 0.874 0.867 0.874
0 0 0 1 1 1 4 0.841 0.855 0.879 0.895 0.893 0.895 0.902
0 0 0 1 1 1 5 0.826 0.852 0.864 0.877 0.881 0.883 0.891
0 0 0 1 1 1 6 0.694 0.730 0.749 0.754 0.755 0.762 0.761
0 0 0 1 1 1 7 0.829 0.851 0.875 0.881 0.891 0.892 0.892
0 0 0 1 1 1 8 0.757 0.807 0.848 0.860 0.869 0.875 0.883
0 0 0 1 1 1 9 0.817 0.833 0.849 0.858 0.862 0.858 0.862
0 0 0 1 1 1 10 0.868 0.889 0.907 0.917 0.920 0.926 0.921
0 0 0 1 1 1 11 0.879 0.905 0.925 0.934 0.943 0.944 0.951
0 0 0 1 1 1 12 0.881 0.909 0.932 0.944 0.949 0.949 0.958
0 0 0 1 1 1 13 0.889 0.930 0.956 0.968 0.974 0.975 0.976
0 0 0 1 1 1 14 0.885 0.924 0.948 0.955 0.961 0.957 0.957
0 0 0 1 1 1 15 0.833 0.854 0.867 0.876 0.886 0.876 0.881
0 0 0 1 1 1 16 0.896 0.917 0.930 0.941 0.944 0.946 0.940
0 0 0 1 1 1 17 0.908 0.932 0.945 0.957 0.962 0.964 0.970
0 0 0 1 1 1 18 0.915 0.927 0.942 0.956 0.958 0.963 0.965
0 0 0 1 1 1 19 0.915 0.938 0.954 0.966 0.969 0.975 0.973
0 0 0 1 1 1 20 0.892 0.920 0.939 0.952 0.953 0.955 0.956
0 0 0 1 1 1 21 0.794 0.820 0.826 0.836 0.835 0.838 0.843
0 0 0 1 1 1 22 0.874 0.901 0.921 0.930 0.934 0.937 0.941
0 0 0 1 1 1 23 0.910 0.930 0.949 0.966 0.970 0.971 0.977
0 0 0 1 1 1 24 0.903 0.933 0.952 0.966 0.968 0.972 0.976
0 0 0 1 1 1 25 0.882 0.906 0.921 0.935 0.939 0.941 0.940
0 0 0 1 1 1 26 0.780 0.808 0.817 0.830 0.833 0.832 0.837
0 0 0 1 1 1 27 0.886 0.915 0.931 0.940 0.945 0.942 0.938
0 0 0 1 1 1 28 0.912 0.939 0.953 0.965 0.967 0.970 0.966
0 0 0 1 1 1 29 0.909 0.928 0.942 0.956 0.957 0.960 0.959
0 0 0 1 1 1 30 0.905 0.931 0.942 0.954 0.957 0.960 0.963
0 0 0 1 1 1 31 0.899 0.911 0.929 0.933 0.940 0.943 0.938
0 0 0 1 1 1 32 0.844 0.866 0.886 0.893 0.899 0.897 0.897
0 0 0 1 1 1 33 0.902 0.926 0.950 0.962 0.964 0.964 0.971
0 0 0 1 1 1 34 0.907 0.933 0.966 0.972 0.975 0.981 0.979
0 0 0 1 1 1 35 0.880 0.910 0.935 0.947 0.952 0.951 0.949
0 0 0 1 1 1 36 0.883 0.903 0.923 0.937 0.937 0.943 0.947
0 0 0 1 1 1 37 0.862 0.885 0.901 0.912 0.918 0.921 0.927
0 0 0 1 1 1 38 0.807 0.822 0.845 0.854 0.855 0.861 0.853
0 0 0 1 1 1 39 0.777 0.819 0.860 0.880 0.881 0.884 0.881
0 0 0 1 1 1 40 0.854 0.877 0.896 0.909 0.922 0.917 0.919
0 0 0 1 1 1 41 0.766 0.785 0.794 0.808 0.810 0.806 0.803
0 0 0 1 1 1 42 0.826 0.850 0.867 0.882 0.882 0.887 0.883
0 0 0 1 1 1 43 0.846 0.873 0.888 0.899 0.910 0.911 0.906
0 0 0 1 1 1 44 0.806 0.838 0.857 0.873 0.873 0.883 0.874
0 0 0 1 1 1 45 0.736 0.765 0.786 0.804 0.806 0.811 0.837
0 0 0 1 1 1 46 0.822 0.852 0.872 0.888 0.897 0.895 0.907
0 0 0 1 1 1 47 0.768 0.802 0.828 0.848 0.852 0.851 0.858
## root/medium_muon_2016GH/2016GH_Mu17_plus.root muonEffi_data_eta_pt
ETA 0 2 48 -1 -2.4 -2.3 -2.2 -2.1 -2.0 -1.9 -1.8 -1.7 -1.6 -1.5 -1.4 -1.3 -1.2 -1.1 -1.0 -0.9 -0.8 -0.7 -0.6 -0.5 -0.4 -0.3 -0.2 -0.1 0.0 0.1 0.2 0.3 0.4 0.5 0.6 0.7 0.8 0.9 1.0 1.1 1.2 1.3 1.4 1.5 1.6 1.7 1.8 1.9 2.0 2.1 2.2 2.3 2.4
PT 0 2 8 -1 20.0 25.0 30.0 35.0 40.0 45.0 50.0 60.0 120.0
0 0 0 0 2 0 0 0.814 0.846 0.868 0.883 0.889 0.887 0.898 0.904
0 0 0 0 2 0 1 0.874 0.894 0.905 0.917 0.919 0.925 0.925 0.931
0 0 0 0 2 0 2 0.878 0.896 0.896 0.909 0.908 0.913 0.914 0.917
0 0 0 0 2 0 3 0.899 0.909 0.912 0.920 0.921 0.922 0.918 0.922
0 0 0 0 2 0 4 0.915 0.924 0.926 0.933 0.935 0.931 0.934 0.933
0 0 0 0 2 0 5 0.928 0.935 0.935 0.936 0.939 0.937 0.936 0.937
0 0 0 0 2 0 6 0.883 0.887 0.884 0.888 0.888 0.891 0.890 0.886
0 0 0 0 2 0 7 0.930 0.932 0.931 0.932 0.934 0.932 0.933 0.940
0 0 0 0 2 0 8 0.979 0.980 0.980 0.978 0.978 0.977 0.978 0.977
0 0 0 0 2 0 9 0.980 0.980 0.982 0.981 0.981 0.981 0.980 0.980
0 0 0 0 2 0 10 0.983 0.987 0.987 0.987 0.988 0.989 0.989 0.989
0 0 0 0 2 0 11 0.956 0.964 0.969 0.969 0.971 0.973 0.974 0.975
0 0 0 0 2 0 12 0.939 0.942 0.944 0.944 0.944 0.944 0.941 0.945
0 0 0 0 2 0 13 0.980 0.982 0.979 0.979 0.980 0.977 0.979 0.980
0 0 0 0 2 0 14 0.963 0.965 0.961 0.960 0.960 0.962 0.961 0.960
0 0 0 0 2 0 15 0.896 0.894 0.888 0.887 0.888 0.887 0.887 0.879
0 0 0 0 2 0 16 0.949 0.956 0.948 0.946 0.948 0.947 0.945 0.942
0 0 0 0 2 0 17 0.969 0.965 0.967 0.965 0.966 0.967 0.964 0.961
0 0 0 0 2 0 18 0.955 0.959 0.959 0.961 0.960 0.958 0.957 0.957
0 0 0 0 2 0 19 0.976 0.981 0.978 0.977 0.979 0.980 0.977 0.975
0 0 0 0 2 0 20 0.952 0.956 0.959 0.958 0.957 0.957 0.955 0.956
0 0 0 0 2 0 21 0.790 0.796 0.799 0.802 0.797 0.790 0.786 0.778
0 0 0 0 2 0 22 0.929 0.930 0.929 0.929 0.930 0.927 0.923 0.922
0 0 0 0 2 0 23 0.980 0.980 0.982 0.980 0.981 0.982 0.982 0.981
0 0 0 0 2 0 24 0.980 0.981 0.981 0.981 0.981 0.980 0.982 0.980
0 0 0 0 2 0 25 0.922 0.922 0.925 0.925 0.923 0.925 0.927 0.924
0 0 0 0 2 0 26 0.786 0.790 0.795 0.794 0.791 0.789 0.785 0.783
0 0 0 0 2 0 27 0.939 0.942 0.942 0.943 0.943 0.942 0.939 0.942
0 0 0 0 2 0 28 0.969 0.972 0.970 0.971 0.974 0.974 0.973 0.972
0 0 0 0 2 0 29 0.958 0.960 0.959 0.958 0.957 0.959 0.960 0.958
0 0 0 0 2 0 30 0.965 0.966 0.962 0.964 0.963 0.963 0.962 0.962
0 0 0 0 2 0 31 0.941 0.944 0.942 0.944 0.940 0.941 0.940 0.937
0 0 0 0 2 0 32 0.892 0.897 0.888 0.887 0.885 0.887 0.887 0.887
0 0 0 0 2 0 33 0.960 0.961 0.958 0.957 0.956 0.955 0.955 0.954
0 0 0 0 2 0 34 0.971 0.973 0.973 0.973 0.974 0.972 0.974 0.978
0 0 0 0 2 0 35 0.937 0.941 0.947 0.945 0.944 0.945 0.946 0.943
0 0 0 0 2 0 36 0.955 0.960 0.963 0.966 0.968 0.967 0.969 0.971
0 0 0 0 2 0 37 0.977 0.978 0.979 0.979 0.980 0.982 0.981 0.981
0 0 0 0 2 0 38 0.977 0.974 0.973 0.970 0.969 0.967 0.960 0.909
0 0 0 0 2 0 39 0.971 0.972 0.973 0.969 0.969 0.965 0.955 0.927
0 0 0 0 2 0 40 0.929 0.937 0.934 0.934 0.936 0.934 0.933 0.936
0 0 0 0 2 0 41 0.888 0.888 0.896 0.892 0.892 0.890 0.888 0.891
0 0 0 0 2 0 42 0.933 0.935 0.937 0.939 0.940 0.941 0.937 0.944
0 0 0 0 2 0 43 0.934 0.934 0.940 0.943 0.940 0.943 0.943 0.935
0 0 0 0 2 0 44 0.919 0.922 0.922 0.926 0.927 0.930 0.929 0.931
0 0 0 0 2 0 45 0.904 0.911 0.917 0.923 0.924 0.925 0.929 0.917
0 0 0 0 2 0 46 0.895 0.908 0.927 0.927 0.936 0.939 0.935 0.938
0 0 0 0 2 0 47 0.826 0.862 0.883 0.895 0.896 0.900 0.901 0.909
## root/medium_muon_2016GH/2016GH_Mu17_plus.root muonEffi_mc_eta_pt
ETA 0 2 48 -1 -2.4 -2.3 -2.2 -2.1 -2.0 -1.9 -1.8 -1.7 -1.6 -1.5 -1.4 -1.3 -1.2 -1.1 -1.0 -0.9 -0.8 -0.7 -0.6 -0.5 -0.4 -0.3 -0.2 -0.1 0.0 0.1 0.2 0.3 0.4 0.5 0.6 0.7 0.8 0.9 1.0 1.1 1.2 1.3 1.4 1.5 1.6 1.7 1.8 1.9 2.0 2.1 2.2 2.3 2.4
PT 0 2 8 -1 20.0 25.0 30.0 35.0 40.0 45.0 50.0 60.0 120.0
0 0 0 1 2 0 0 0.855 0.890 0.899 0.911 0.920 0.918 0.915 0.917
0 0 0 1 2 0 1 0.918 0.941 0.949 0.955 0.954 0.957 0.959 0.959
0 0 0 1 2 0 2 0.914 0.926 0.930 0.937 0.940 0.940 0.946 0.947
0 0 0 1 2 0 3 0.935 0.943 0.944 0.944 0.949 0.944 0.952 0.944
0 0 0 1 2 0 4 0.941 0.954 0.956 0.959 0.961 0.957 0.960 0.964
0 0 0 1 2 0 5 0.966 0.967 0.970 0.966 0.967 0.967 0.965 0.967
0 0 0 1 2 0 6 0.927 0.922 0.927 0.919 0.927 0.930 0.927 0.930
0 0 0 1 2 0 7 0.932 0.929 0.931 0.928 0.934 0.936 0.935 0.938
0 0 0 1 2 0 8 0.956 0.957 0.956 0.953 0.957 0.956 0.954 0.951
0 0 0 1 2 0 9 0.968 0.967 0.966 0.969 0.969 0.969 0.967 0.968
0 0 0 1 2 0 10 0.981 0.985 0.983 0.984 0.984 0.985 0.985 0.984
0 0 0 1 2 0 11 0.966 0.970 0.975 0.973 0.975 0.974 0.977 0.977
0 0 0 1 2 0 12 0.954 0.958 0.962 0.961 0.962 0.967 0.965 0.966
0 0 0 1 2 0 13 0.988 0.988 0.990 0.990 0.990 0.990 0.991 0.990
0 0 0 1 2 0 14 0.973 0.974 0.973 0.971 0.972 0.974 0.973 0.974
0 0 0 1 2 0 15 0.895 0.900 0.898 0.893 0.897 0.891 0.903 0.889
0 0 0 1 2 0 16 0.957 0.957 0.952 0.954 0.954 0.954 0.955 0.952
0 0 0 1 2 0 17 0.970 0.975 0.971 0.972 0.971 0.973 0.972 0.971
0 0 0 1 2 0 18 0.973 0.971 0.967 0.970 0.969 0.967 0.968 0.967
0 0 0 1 2 0 19 0.984 0.983 0.982 0.983 0.982 0.983 0.982 0.979
0 0 0 1 2 0 20 0.975 0.968 0.969 0.969 0.971 0.971 0.970 0.963
0 0 0 1 2 0 21 0.851 0.854 0.851 0.848 0.847 0.845 0.845 0.848
0 0 0 1 2 0 22 0.946 0.949 0.951 0.951 0.948 0.947 0.948 0.941
0 0 0 1 2 0 23 0.987 0.985 0.984 0.985 0.986 0.986 0.983 0.984
0 0 0 1 2 0 24 0.984 0.987 0.983 0.983 0.985 0.985 0.984 0.987
0 0 0 1 2 0 25 0.958 0.953 0.956 0.950 0.955 0.951 0.950 0.952
0 0 0 1 2 0 26 0.849 0.853 0.853 0.850 0.849 0.851 0.849 0.837
0 0 0 1 2 0 27 0.968 0.971 0.972 0.969 0.970 0.968 0.969 0.965
0 0 0 1 2 0 28 0.984 0.985 0.985 0.984 0.984 0.984 0.984 0.981
0 0 0 1 2 0 29 0.971 0.974 0.975 0.974 0.975 0.973 0.974 0.972
0 0 0 1 2 0 30 0.976 0.979 0.975 0.975 0.974 0.975 0.976 0.975
0 0 0 1 2 0 31 0.965 0.968 0.962 0.965 0.964 0.963 0.960 0.956
0 0 0 1 2 0 32 0.920 0.906 0.910 0.909 0.911 0.907 0.912 0.916
0 0 0 1 2 0 33 0.976 0.979 0.979 0.975 0.978 0.976 0.975 0.976
0 0 0 1 2 0 34 0.988 0.990 0.990 0.990 0.990 0.991 0.989 0.992
0 0 0 1 2 0 35 0.954 0.959 0.960 0.968 0.967 0.966 0.969 0.966
0 0 0 1 2 0 36 0.964 0.971 0.976 0.973 0.976 0.978 0.975 0.971
0 0 0 1 2 0 37 0.980 0.980 0.986 0.983 0.984 0.985 0.985 0.988
0 0 0 1 2 0 38 0.963 0.963 0.968 0.968 0.967 0.968 0.969 0.963
0 0 0 1 2 0 39 0.966 0.973 0.967 0.968 0.968 0.970 0.971 0.968
0 0 0 1 2 0 40 0.957 0.964 0.961 0.960 0.963 0.964 0.960 0.964
0 0 0 1 2 0 41 0.933 0.925 0.930 0.931 0.929 0.932 0.934 0.932
0 0 0 1 2 0 42 0.966 0.966 0.967 0.970 0.971 0.970 0.968 0.963
0 0 0 1 2 0 43 0.961 0.963 0.967 0.967 0.969 0.970 0.967 0.971
0 0 0 1 2 0 44 0.942 0.947 0.949 0.951 0.949 0.953 0.960 0.948
0 0 0 1 2 0 45 0.926 0.945 0.944 0.950 0.950 0.949 0.950 0.951
0 0 0 1 2 0 46 0.935 0.950 0.955 0.958 0.963 0.966 0.966 0.968
0 0 0 1 2 0 47 0.881 0.902 0.911 0.925 0.932 0.935 0.932 0.942
## root/medium_muon_2016GH/2016GH_Mu17_minus.root muonEffi_data_eta_pt
ETA 0 2 48 -1 -2.4 -2.3 -2.2 -2.1 -2.0 -1.9 -1.8 -1.7 -1.6 -1.5 -1.4 -1.3 -1.2 -1.1 -1.0 -0.9 -0.8 -0.7 -0.6 -0.5 -0.4 -0.3 -0.2 -0.1 0.0 0.1 0.2 0.3 0.4 0.5 0.6 0.7 0.8 0.9 1.0 1.1 1.2 1.3 1.4 1.5 1.6 1.7 1.8 1.9 2.0 2.1 2.2 2.3 2.4
PT 0 2 8 -1 20.0 25.0 30.0 35.0 40.0 45.0 50.0 60.0 120.0
0 0 0 0 2 1 0 0.818 0.860 0.875 0.885 0.891 0.893 0.901 0.902
0 0 0 0 2 1 1 0.886 0.897 0.917 0.917 0.925 0.928 0.935 0.924
0 0 0 0 2 1 2 0.891 0.905 0.909 0.910 0.915 0.919 0.918 0.923
0 0 0 0 2 1 3 0.897 0.914 0.922 0.919 0.924 0.924 0.925 0.921
0 0 0 0 2 1 4 0.922 0.919 0.926 0.931 0.931 0.933 0.934 0.934
0 0 0 0 2 1 5 0.925 0.933 0.938 0.935 0.935 0.937 0.941 0.933
0 0 0 0 2 1 6 0.872 0.879 0.893 0.891 0.890 0.889 0.887 0.883
0 0 0 0 2 1 7 0.923 0.933 0.928 0.931 0.929 0.929 0.935 0.933
0 0 0 0 2 1 8 0.980 0.975 0.975 0.974 0.967 0.959 0.942 0.884
0 0 0 0 2 1 9 0.972 0.974 0.976 0.971 0.964 0.952 0.923 0.830
0 0 0 0 2 1 10 0.984 0.983 0.987 0.985 0.987 0.988 0.987 0.991
0 0 0 0 2 1 11 0.958 0.965 0.968 0.966 0.971 0.972 0.975 0.973
0 0 0 0 2 1 12 0.935 0.938 0.941 0.942 0.940 0.941 0.943 0.941
0 0 0 0 2 1 13 0.975 0.975 0.977 0.977 0.977 0.977 0.980 0.974
0 0 0 0 2 1 14 0.960 0.961 0.958 0.961 0.958 0.959 0.959 0.955
0 0 0 0 2 1 15 0.901 0.899 0.899 0.894 0.896 0.894 0.893 0.889
0 0 0 0 2 1 16 0.959 0.956 0.956 0.956 0.954 0.954 0.956 0.950
0 0 0 0 2 1 17 0.972 0.972 0.973 0.972 0.970 0.969 0.970 0.969
0 0 0 0 2 1 18 0.967 0.966 0.966 0.966 0.965 0.963 0.963 0.960
0 0 0 0 2 1 19 0.986 0.985 0.983 0.982 0.983 0.983 0.983 0.979
0 0 0 0 2 1 20 0.961 0.961 0.961 0.960 0.961 0.958 0.959 0.958
0 0 0 0 2 1 21 0.801 0.806 0.797 0.798 0.799 0.799 0.797 0.796
0 0 0 0 2 1 22 0.934 0.939 0.938 0.937 0.934 0.935 0.929 0.931
0 0 0 0 2 1 23 0.985 0.984 0.985 0.983 0.984 0.984 0.982 0.983
0 0 0 0 2 1 24 0.983 0.984 0.984 0.984 0.984 0.983 0.983 0.982
0 0 0 0 2 1 25 0.933 0.934 0.933 0.929 0.929 0.930 0.927 0.928
0 0 0 0 2 1 26 0.798 0.802 0.798 0.797 0.797 0.794 0.796 0.782
0 0 0 0 2 1 27 0.952 0.951 0.951 0.952 0.948 0.949 0.949 0.946
0 0 0 0 2 1 28 0.980 0.978 0.980 0.979 0.980 0.979 0.978 0.974
0 0 0 0 2 1 29 0.966 0.966 0.965 0.964 0.964 0.962 0.961 0.957
0 0 0 0 2 1 30 0.967 0.971 0.971 0.968 0.968 0.966 0.967 0.967
0 0 0 0 2 1 31 0.955 0.950 0.953 0.953 0.953 0.948 0.947 0.944
0 0 0 0 2 1 32 0.900 0.897 0.894 0.893 0.893 0.890 0.890 0.888
0 0 0 0 2 1 33 0.957 0.955 0.953 0.954 0.954 0.953 0.953 0.960
0 0 0 0 2 1 34 0.973 0.970 0.972 0.972 0.971 0.972 0.973 0.975
0 0 0 0 2 1 35 0.933 0.936 0.940 0.937 0.938 0.943 0.942 0.945
0 0 0 0 2 1 36 0.949 0.961 0.961 0.964 0.965 0.966 0.968 0.962
0 0 0 0 2 1 37 0.974 0.976 0.978 0.978 0.979 0.979 0.980 0.977
0 0 0 0 2 1 38 0.971 0.973 0.973 0.972 0.970 0.970 0.975 0.970
0 0 0 0 2 1 39 0.968 0.970 0.972 0.968 0.967 0.965 0.965 0.970
0 0 0 0 2 1 40 0.934 0.935 0.935 0.935 0.934 0.933 0.939 0.933
0 0 0 0 2 1 41 0.891 0.898 0.892 0.892 0.891 0.890 0.889 0.887
0 0 0 0 2 1 42 0.930 0.941 0.938 0.938 0.942 0.942 0.941 0.937
0 0 0 0 2 1 43 0.931 0.941 0.938 0.942 0.941 0.942 0.946 0.945
0 0 0 0 2 1 44 0.913 0.922 0.927 0.933 0.931 0.930 0.932 0.927
0 0 0 0 2 1 45 0.908 0.915 0.922 0.923 0.928 0.930 0.928 0.934
0 0 0 0 2 1 46 0.899 0.915 0.927 0.930 0.936 0.937 0.937 0.953
0 0 0 0 2 1 47 0.845 0.864 0.881 0.889 0.900 0.909 0.896 0.901
## root/medium_muon_2016GH/2016GH_Mu17_minus.root muonEffi_mc_eta_pt
ETA 0 2 48 -1 -2.4 -2.3 -2.2 -2.1 -2.0 -1.9 -1.8 -1.7 -1.6 -1.5 -1.4 -1.3 -1.2 -1.1 -1.0 -0.9 -0.8 -0.7 -0.6 -0.5 -0.4 -0.3 -0.2 -0.1 0.0 0.1 0.2 0.3 0.4 0.5 0.6 0.7 0.8 0.9 1.0 1.1 1.2 1.3 1.4 1.5 1.6 1.7 1.8 1.9 2.0 2.1 2.2 2.3 2.4
PT 0 2 8 -1 20.0 25.0 30.0 35.0 40.0 45.0 50.0 60.0 120.0
0 0 0 1 2 1 0 0.858 0.894 0.905 0.918 0.924 0.924 0.914 0.925
0 0 0 1 2 1 1 0.925 0.946 0.953 0.955 0.960 0.963 0.966 0.954
0 0 0 1 2 1 2 0.921 0.931 0.937 0.939 0.941 0.945 0.940 0.946
0 0 0 1 2 1 3 0.937 0.944 0.943 0.944 0.950 0.946 0.946 0.956
0 0 0 1 2 1 4 0.955 0.952 0.956 0.962 0.961 0.962 0.957 0.962
0 0 0 1 2 1 5 0.960 0.965 0.965 0.969 0.968 0.970 0.968 0.969
0 0 0 1 2 1 6 0.916 0.907 0.909 0.917 0.915 0.913 0.926 0.928
0 0 0 1 2 1 7 0.929 0.935 0.932 0.933 0.929 0.935 0.933 0.937
0 0 0 1 2 1 8 0.951 0.954 0.957 0.960 0.954 0.953 0.957 0.953
0 0 0 1 2 1 9 0.964 0.970 0.968 0.970 0.969 0.966 0.965 0.965
0 0 0 1 2 1 10 0.976 0.984 0.983 0.985 0.984 0.986 0.986 0.981
0 0 0 1 2 1 11 0.962 0.964 0.972 0.974 0.973 0.974 0.974 0.978
0 0 0 1 2 1 12 0.955 0.957 0.961 0.958 0.963 0.961 0.961 0.966
0 0 0 1 2 1 13 0.987 0.987 0.989 0.989 0.991 0.991 0.991 0.990
0 0 0 1 2 1 14 0.971 0.972 0.972 0.973 0.971 0.972 0.971 0.972
0 0 0 1 2 1 15 0.912 0.910 0.903 0.902 0.902 0.906 0.900 0.896
0 0 0 1 2 1 16 0.972 0.971 0.973 0.969 0.968 0.968 0.965 0.958
0 0 0 1 2 1 17 0.982 0.980 0.982 0.981 0.980 0.981 0.980 0.982
0 0 0 1 2 1 18 0.979 0.981 0.980 0.976 0.978 0.979 0.980 0.978
0 0 0 1 2 1 19 0.986 0.987 0.985 0.985 0.987 0.987 0.988 0.984
0 0 0 1 2 1 20 0.973 0.977 0.977 0.973 0.975 0.975 0.975 0.973
0 0 0 1 2 1 21 0.855 0.865 0.863 0.856 0.857 0.852 0.851 0.857
0 0 0 1 2 1 22 0.961 0.953 0.954 0.952 0.954 0.950 0.952 0.953
0 0 0 1 2 1 23 0.988 0.989 0.986 0.986 0.987 0.986 0.985 0.988
0 0 0 1 2 1 24 0.988 0.988 0.985 0.986 0.986 0.986 0.988 0.987
0 0 0 1 2 1 25 0.962 0.961 0.958 0.956 0.956 0.957 0.955 0.952
0 0 0 1 2 1 26 0.853 0.855 0.854 0.849 0.851 0.851 0.841 0.844
0 0 0 1 2 1 27 0.974 0.971 0.969 0.971 0.967 0.968 0.963 0.963
0 0 0 1 2 1 28 0.987 0.986 0.987 0.986 0.985 0.986 0.987 0.982
0 0 0 1 2 1 29 0.977 0.979 0.976 0.974 0.975 0.973 0.974 0.968
0 0 0 1 2 1 30 0.978 0.980 0.978 0.976 0.976 0.976 0.974 0.978
0 0 0 1 2 1 31 0.967 0.965 0.961 0.962 0.957 0.961 0.961 0.961
0 0 0 1 2 1 32 0.922 0.920 0.915 0.913 0.910 0.911 0.905 0.904
0 0 0 1 2 1 33 0.984 0.974 0.975 0.976 0.978 0.975 0.974 0.979
0 0 0 1 2 1 34 0.985 0.989 0.987 0.989 0.989 0.990 0.992 0.989
0 0 0 1 2 1 35 0.953 0.964 0.962 0.963 0.961 0.964 0.965 0.965
0 0 0 1 2 1 36 0.967 0.972 0.971 0.973 0.975 0.972 0.973 0.973
0 0 0 1 2 1 37 0.980 0.982 0.984 0.985 0.984 0.985 0.985 0.982
0 0 0 1 2 1 38 0.971 0.962 0.964 0.966 0.967 0.970 0.968 0.964
0 0 0 1 2 1 39 0.973 0.971 0.973 0.968 0.969 0.972 0.969 0.967
0 0 0 1 2 1 40 0.962 0.956 0.961 0.961 0.960 0.962 0.960 0.963
0 0 0 1 2 1 41 0.948 0.940 0.941 0.943 0.941 0.943 0.946 0.940
0 0 0 1 2 1 42 0.961 0.966 0.968 0.970 0.968 0.971 0.970 0.967
0 0 0 1 2 1 43 0.965 0.967 0.968 0.969 0.968 0.967 0.970 0.968
0 0 0 1 2 1 44 0.946 0.945 0.952 0.953 0.956 0.948 0.959 0.947
0 0 0 1 2 1 45 0.937 0.931 0.948 0.954 0.952 0.955 0.956 0.953
0 0 0 1 2 1 46 0.929 0.949 0.957 0.960 0.965 0.963 0.969 0.975
0 0 0 1 2 1 47 0.889 0.904 0.921 0.922 0.935 0.938 0.930 0.937
## root/medium_muon_2016GH/2016GH_Mu8_plus.root muonEffi_data_eta_pt
ETA 0 3 48 -1 -2.4 -2.3 -2.2 -2.1 -2.0 -1.9 -1.8 -1.7 -1.6 -1.5 -1.4 -1.3 -1.2 -1.1 -1.0 -0.9 -0.8 -0.7 -0.6 -0.5 -0.4 -0.3 -0.2 -0.1 0.0 0.1 0.2 0.3 0.4 0.5 0.6 0.7 0.8 0.9 1.0 1.1 1.2 1.3 1.4 1.5 1.6 1.7 1.8 1.9 2.0 2.1 2.2 2.3 2.4
PT 0 3 10 -1 10.0 15.0 20.0 25.0 30.0 35.0 40.0 45.0 50.0 60.0 120.0
0 0 0 0 3 0 0 0.924 0.932 0.940 0.948 0.945 0.946 0.947 0.944 0.947 0.944
0 0 0 0 3 0 1 0.951 0.951 0.956 0.960 0.957 0.963 0.960 0.962 0.962 0.961
0 0 0 0 3 0 2 0.940 0.942 0.945 0.951 0.946 0.949 0.947 0.951 0.948 0.942
0 0 0 0 3 0 3 0.950 0.940 0.948 0.951 0.950 0.952 0.951 0.951 0.949 0.953
0 0 0 0 3 0 4 0.958 0.956 0.952 0.955 0.955 0.957 0.954 0.953 0.955 0.953
0 0 0 0 3 0 5 0.951 0.953 0.951 0.957 0.953 0.953 0.954 0.952 0.952 0.955
0 0 0 0 3 0 6 0.902 0.898 0.904 0.905 0.901 0.904 0.902 0.905 0.903 0.900
0 0 0 0 3 0 7 0.940 0.941 0.946 0.944 0.941 0.941 0.944 0.941 0.942 0.947
0 0 0 0 3 0 8 0.988 0.989 0.991 0.990 0.989 0.989 0.988 0.988 0.989 0.987
0 0 0 0 3 0 9 0.985 0.990 0.993 0.993 0.994 0.994 0.993 0.993 0.993 0.992
0 0 0 0 3 0 10 0.992 0.992 0.994 0.994 0.994 0.995 0.995 0.995 0.994 0.996
0 0 0 0 3 0 11 0.985 0.985 0.987 0.989 0.989 0.988 0.989 0.990 0.990 0.990
0 0 0 0 3 0 12 0.974 0.979 0.975 0.974 0.975 0.973 0.974 0.973 0.972 0.972
0 0 0 0 3 0 13 0.993 0.991 0.991 0.992 0.990 0.989 0.990 0.988 0.989 0.989
0 0 0 0 3 0 14 0.977 0.976 0.975 0.976 0.974 0.972 0.971 0.973 0.973 0.971
0 0 0 0 3 0 15 0.906 0.911 0.915 0.913 0.906 0.906 0.907 0.907 0.905 0.900
0 0 0 0 3 0 16 0.945 0.951 0.959 0.963 0.957 0.954 0.956 0.955 0.952 0.951
0 0 0 0 3 0 17 0.966 0.965 0.975 0.970 0.972 0.971 0.971 0.973 0.969 0.967
0 0 0 0 3 0 18 0.960 0.959 0.961 0.965 0.966 0.966 0.966 0.965 0.962 0.963
0 0 0 0 3 0 19 0.974 0.977 0.980 0.984 0.983 0.981 0.983 0.983 0.981 0.979
0 0 0 0 3 0 20 0.958 0.959 0.961 0.964 0.966 0.964 0.963 0.964 0.962 0.964
0 0 0 0 3 0 21 0.812 0.829 0.822 0.825 0.828 0.832 0.827 0.822 0.818 0.816
0 0 0 0 3 0 22 0.928 0.934 0.934 0.936 0.936 0.936 0.936 0.934 0.930 0.929
0 0 0 0 3 0 23 0.984 0.981 0.983 0.985 0.986 0.985 0.985 0.985 0.986 0.984
0 0 0 0 3 0 24 0.984 0.984 0.984 0.985 0.985 0.985 0.985 0.984 0.987 0.983
0 0 0 0 3 0 25 0.927 0.924 0.929 0.929 0.932 0.931 0.930 0.931 0.933 0.932
0 0 0 0 3 0 26 0.786 0.801 0.822 0.818 0.824 0.823 0.820 0.817 0.814 0.814
0 0 0 0 3 0 27 0.938 0.945 0.952 0.952 0.952 0.953 0.952 0.950 0.948 0.951
0 0 0 0 3 0 28 0.971 0.973 0.977 0.979 0.978 0.978 0.980 0.979 0.978 0.979
0 0 0 0 3 0 29 0.962 0.965 0.965 0.966 0.966 0.965 0.964 0.965 0.966 0.964
0 0 0 0 3 0 30 0.972 0.967 0.969 0.971 0.969 0.970 0.968 0.969 0.968 0.968
0 0 0 0 3 0 31 0.951 0.951 0.954 0.954 0.952 0.953 0.950 0.951 0.949 0.945
0 0 0 0 3 0 32 0.923 0.910 0.915 0.916 0.909 0.908 0.905 0.908 0.906 0.910
0 0 0 0 3 0 33 0.974 0.966 0.975 0.973 0.971 0.969 0.969 0.969 0.968 0.967
0 0 0 0 3 0 34 0.983 0.984 0.986 0.985 0.987 0.985 0.986 0.985 0.984 0.987
0 0 0 0 3 0 35 0.965 0.974 0.977 0.977 0.978 0.975 0.975 0.975 0.976 0.972
0 0 0 0 3 0 36 0.980 0.978 0.985 0.983 0.984 0.984 0.985 0.984 0.987 0.986
0 0 0 0 3 0 37 0.985 0.983 0.987 0.987 0.988 0.987 0.987 0.988 0.988 0.986
0 0 0 0 3 0 38 0.980 0.990 0.987 0.984 0.985 0.984 0.984 0.986 0.986 0.984
0 0 0 0 3 0 39 0.978 0.980 0.980 0.981 0.981 0.981 0.981 0.980 0.977 0.979
0 0 0 0 3 0 40 0.952 0.947 0.946 0.946 0.945 0.944 0.946 0.944 0.943 0.946
0 0 0 0 3 0 41 0.918 0.899 0.911 0.906 0.909 0.908 0.904 0.903 0.901 0.906
0 0 0 0 3 0 42 0.954 0.951 0.956 0.954 0.955 0.955 0.955 0.956 0.954 0.958
0 0 0 0 3 0 43 0.968 0.970 0.962 0.961 0.962 0.963 0.960 0.962 0.960 0.954
0 0 0 0 3 0 44 0.957 0.959 0.957 0.958 0.956 0.956 0.957 0.956 0.957 0.958
0 0 0 0 3 0 45 0.965 0.963 0.962 0.961 0.960 0.961 0.961 0.959 0.960 0.956
0 0 0 0 3 0 46 0.969 0.970 0.973 0.974 0.973 0.971 0.973 0.973 0.973 0.972
0 0 0 0 3 0 47 0.925 0.931 0.951 0.949 0.950 0.954 0.950 0.948 0.949 0.948
## root/medium_muon_2016GH/2016GH_Mu8_plus.root muonEffi_mc_eta_pt
ETA 0 3 48 -1 -2.4 -2.3 -2.2 -2.1 -2.0 -1.9 -1.8 -1.7 -1.6 -1.5 -1.4 -1.3 -1.2 -1.1 -1.0 -0.9 -0.8 -0.7 -0.6 -0.5 -0.4 -0.3 -0.2 -0.1 0.0 0.1 0.2 0.3 0.4 0.5 0.6 0.7 0.8 0.9 1.0 1.1 1.2 1.3 1.4 1.5 1.6 1.7 1.8 1.9 2.0 2.1 2.2 2.3 2.4
PT 0 3 10 -1 10.0 15.0 20.0 25.0 30.0 35.0 40.0 45.0 50.0 60.0 120.0
0 0 0 1 3 0 0 0.923 0.948 0.942 0.941 0.941 0.949 0.951 0.948 0.941 0.944
0 0 0 1 3 0 1 0.960 0.970 0.971 0.975 0.974 0.977 0.974 0.975 0.975 0.972
0 0 0 1 3 0 2 0.935 0.949 0.948 0.955 0.952 0.957 0.956 0.955 0.960 0.966
0 0 0 1 3 0 3 0.947 0.956 0.959 0.960 0.959 0.959 0.962 0.959 0.962 0.957
0 0 0 1 3 0 4 0.973 0.967 0.960 0.968 0.970 0.970 0.971 0.967 0.971 0.974
0 0 0 1 3 0 5 0.973 0.977 0.978 0.977 0.977 0.974 0.976 0.973 0.971 0.974
0 0 0 1 3 0 6 0.931 0.946 0.944 0.931 0.936 0.928 0.936 0.938 0.936 0.940
0 0 0 1 3 0 7 0.929 0.935 0.939 0.935 0.938 0.934 0.940 0.942 0.941 0.944
0 0 0 1 3 0 8 0.947 0.960 0.962 0.961 0.959 0.957 0.962 0.960 0.958 0.955
0 0 0 1 3 0 9 0.968 0.972 0.974 0.974 0.971 0.973 0.974 0.974 0.973 0.973
0 0 0 1 3 0 10 0.992 0.985 0.986 0.990 0.988 0.989 0.988 0.989 0.988 0.988
0 0 0 1 3 0 11 0.979 0.985 0.984 0.984 0.986 0.984 0.985 0.984 0.986 0.986
0 0 0 1 3 0 12 0.980 0.988 0.982 0.984 0.983 0.982 0.981 0.984 0.982 0.984
0 0 0 1 3 0 13 0.995 0.995 0.995 0.994 0.995 0.996 0.995 0.995 0.996 0.994
0 0 0 1 3 0 14 0.983 0.985 0.982 0.981 0.980 0.980 0.980 0.980 0.982 0.979
0 0 0 1 3 0 15 0.915 0.908 0.909 0.912 0.912 0.909 0.912 0.905 0.916 0.907
0 0 0 1 3 0 16 0.961 0.956 0.964 0.963 0.960 0.960 0.960 0.960 0.962 0.959
0 0 0 1 3 0 17 0.964 0.971 0.974 0.978 0.976 0.976 0.975 0.976 0.976 0.976
0 0 0 1 3 0 18 0.966 0.974 0.975 0.974 0.972 0.973 0.973 0.971 0.973 0.972
0 0 0 1 3 0 19 0.977 0.985 0.986 0.985 0.986 0.986 0.985 0.985 0.985 0.982
0 0 0 1 3 0 20 0.967 0.974 0.980 0.973 0.975 0.975 0.976 0.975 0.975 0.968
0 0 0 1 3 0 21 0.876 0.864 0.874 0.875 0.876 0.872 0.871 0.871 0.869 0.872
0 0 0 1 3 0 22 0.948 0.944 0.951 0.954 0.956 0.956 0.953 0.952 0.952 0.946
0 0 0 1 3 0 23 0.979 0.985 0.989 0.989 0.989 0.989 0.989 0.988 0.986 0.987
0 0 0 1 3 0 24 0.979 0.990 0.988 0.989 0.988 0.986 0.988 0.988 0.987 0.989
0 0 0 1 3 0 25 0.962 0.948 0.960 0.956 0.960 0.955 0.959 0.955 0.953 0.957
0 0 0 1 3 0 26 0.856 0.860 0.872 0.873 0.874 0.872 0.870 0.872 0.871 0.857
0 0 0 1 3 0 27 0.973 0.969 0.971 0.976 0.976 0.974 0.975 0.973 0.973 0.969
0 0 0 1 3 0 28 0.983 0.979 0.985 0.987 0.987 0.987 0.986 0.987 0.986 0.983
0 0 0 1 3 0 29 0.962 0.976 0.975 0.976 0.980 0.977 0.978 0.976 0.977 0.974
0 0 0 1 3 0 30 0.980 0.984 0.980 0.983 0.980 0.979 0.978 0.979 0.978 0.979
0 0 0 1 3 0 31 0.967 0.975 0.971 0.974 0.970 0.972 0.969 0.970 0.966 0.965
0 0 0 1 3 0 32 0.934 0.918 0.935 0.920 0.926 0.925 0.927 0.924 0.928 0.930
0 0 0 1 3 0 33 0.998 0.986 0.987 0.986 0.985 0.983 0.986 0.984 0.984 0.983
0 0 0 1 3 0 34 0.991 0.996 0.995 0.997 0.996 0.996 0.996 0.996 0.995 0.997
0 0 0 1 3 0 35 0.988 0.980 0.985 0.984 0.984 0.988 0.987 0.985 0.988 0.985
0 0 0 1 3 0 36 0.984 0.982 0.985 0.986 0.987 0.987 0.987 0.987 0.987 0.982
0 0 0 1 3 0 37 0.987 0.987 0.988 0.987 0.991 0.988 0.987 0.988 0.988 0.991
0 0 0 1 3 0 38 0.969 0.973 0.974 0.970 0.975 0.973 0.972 0.973 0.976 0.972
0 0 0 1 3 0 39 0.966 0.974 0.975 0.977 0.973 0.973 0.973 0.973 0.975 0.973
0 0 0 1 3 0 40 0.960 0.963 0.966 0.971 0.966 0.965 0.968 0.969 0.965 0.969
0 0 0 1 3 0 41 0.958 0.958 0.948 0.938 0.939 0.942 0.938 0.941 0.945 0.941
0 0 0 1 3 0 42 0.974 0.979 0.979 0.976 0.977 0.978 0.978 0.977 0.976 0.972
0 0 0 1 3 0 43 0.976 0.976 0.978 0.978 0.976 0.978 0.978 0.979 0.977 0.979
0 0 0 1 3 0 44 0.961 0.971 0.966 0.968 0.966 0.967 0.966 0.966 0.972 0.965
0 0 0 1 3 0 45 0.969 0.963 0.968 0.968 0.967 0.968 0.967 0.966 0.967 0.965
0 0 0 1 3 0 46 0.977 0.980 0.982 0.981 0.980 0.980 0.982 0.982 0.982 0.981
0 0 0 1 3 0 47 0.947 0.951 0.955 0.960 0.959 0.961 0.961 0.962 0.957 0.961
## root/medium_muon_2016GH/2016GH_Mu8_minus.root muonEffi_data_eta_pt
ETA 0 3 48 -1 -2.4 -2.3 -2.2 -2.1 -2.0 -1.9 -1.8 -1.7 -1.6 -1.5 -1.4 -1.3 -1.2 -1.1 -1.0 -0.9 -0.8 -0.7 -0.6 -0.5 -0.4 -0.3 -0.2 -0.1 0.0 0.1 0.2 0.3 0.4 0.5 0.6 0.7 0.8 0.9 1.0 1.1 1.2 1.3 1.4 1.5 1.6 1.7 1.8 1.9 2.0 2.1 2.2 2.3 2.4
PT 0 3 10 -1 10.0 15.0 20.0 25.0 30.0 35.0 40.0 45.0 50.0 60.0 120.0
0 0 0 0 3 1 0 0.927 0.938 0.945 0.948 0.950 0.948 0.949 0.948 0.950 0.948
0 0 0 0 3 1 1 0.958 0.962 0.968 0.962 0.965 0.964 0.963 0.963 0.968 0.958
0 0 0 0 3 1 2 0.957 0.948 0.951 0.950 0.951 0.951 0.951 0.952 0.950 0.954
0 0 0 0 3 1 3 0.944 0.945 0.949 0.953 0.956 0.952 0.953 0.952 0.954 0.951
0 0 0 0 3 1 4 0.955 0.962 0.957 0.952 0.952 0.952 0.951 0.952 0.952 0.955
0 0 0 0 3 1 5 0.953 0.952 0.950 0.952 0.954 0.951 0.950 0.949 0.954 0.951
0 0 0 0 3 1 6 0.887 0.900 0.899 0.897 0.909 0.904 0.903 0.903 0.902 0.901
0 0 0 0 3 1 7 0.926 0.946 0.938 0.942 0.939 0.941 0.940 0.938 0.944 0.944
0 0 0 0 3 1 8 0.988 0.990 0.990 0.989 0.988 0.990 0.989 0.989 0.988 0.985
0 0 0 0 3 1 9 0.992 0.992 0.992 0.993 0.993 0.991 0.993 0.992 0.993 0.993
0 0 0 0 3 1 10 0.991 0.994 0.994 0.994 0.995 0.993 0.993 0.994 0.994 0.996
0 0 0 0 3 1 11 0.981 0.989 0.986 0.988 0.988 0.987 0.989 0.989 0.991 0.989
0 0 0 0 3 1 12 0.976 0.980 0.974 0.972 0.973 0.973 0.972 0.974 0.973 0.969
0 0 0 0 3 1 13 0.989 0.988 0.990 0.989 0.989 0.989 0.989 0.988 0.990 0.985
0 0 0 0 3 1 14 0.973 0.974 0.975 0.976 0.971 0.974 0.970 0.971 0.972 0.965
0 0 0 0 3 1 15 0.933 0.935 0.921 0.921 0.919 0.915 0.915 0.915 0.912 0.911
0 0 0 0 3 1 16 0.968 0.969 0.967 0.965 0.965 0.965 0.963 0.963 0.964 0.960
0 0 0 0 3 1 17 0.973 0.979 0.977 0.977 0.979 0.977 0.975 0.974 0.975 0.974
0 0 0 0 3 1 18 0.972 0.976 0.974 0.972 0.973 0.972 0.971 0.970 0.968 0.966
0 0 0 0 3 1 19 0.984 0.987 0.989 0.988 0.987 0.986 0.986 0.987 0.986 0.983
0 0 0 0 3 1 20 0.969 0.969 0.969 0.968 0.968 0.968 0.968 0.965 0.966 0.965
0 0 0 0 3 1 21 0.823 0.825 0.832 0.836 0.826 0.828 0.828 0.827 0.826 0.830
0 0 0 0 3 1 22 0.938 0.942 0.940 0.944 0.944 0.943 0.941 0.941 0.935 0.939
0 0 0 0 3 1 23 0.988 0.982 0.990 0.988 0.989 0.988 0.988 0.987 0.987 0.987
0 0 0 0 3 1 24 0.988 0.986 0.987 0.988 0.989 0.989 0.988 0.987 0.987 0.986
0 0 0 0 3 1 25 0.940 0.932 0.939 0.940 0.940 0.936 0.936 0.938 0.934 0.934
0 0 0 0 3 1 26 0.811 0.827 0.826 0.829 0.825 0.825 0.824 0.820 0.822 0.810
0 0 0 0 3 1 27 0.954 0.958 0.960 0.959 0.958 0.958 0.955 0.955 0.956 0.954
0 0 0 0 3 1 28 0.990 0.982 0.986 0.983 0.984 0.984 0.984 0.984 0.982 0.980
0 0 0 0 3 1 29 0.971 0.970 0.972 0.972 0.971 0.970 0.970 0.968 0.968 0.963
0 0 0 0 3 1 30 0.983 0.978 0.974 0.976 0.977 0.976 0.975 0.972 0.973 0.973
0 0 0 0 3 1 31 0.967 0.964 0.964 0.961 0.961 0.962 0.961 0.957 0.956 0.953
0 0 0 0 3 1 32 0.925 0.930 0.923 0.916 0.916 0.916 0.913 0.913 0.911 0.909
0 0 0 0 3 1 33 0.970 0.972 0.972 0.971 0.968 0.970 0.969 0.968 0.967 0.972
0 0 0 0 3 1 34 0.982 0.984 0.986 0.986 0.987 0.985 0.984 0.985 0.986 0.987
0 0 0 0 3 1 35 0.977 0.964 0.974 0.973 0.977 0.974 0.974 0.976 0.976 0.975
0 0 0 0 3 1 36 0.982 0.984 0.982 0.985 0.983 0.983 0.984 0.985 0.985 0.984
0 0 0 0 3 1 37 0.983 0.989 0.988 0.987 0.988 0.987 0.986 0.987 0.988 0.984
0 0 0 0 3 1 38 0.982 0.984 0.986 0.985 0.986 0.985 0.984 0.984 0.987 0.986
0 0 0 0 3 1 39 0.980 0.979 0.980 0.980 0.982 0.980 0.980 0.979 0.978 0.981
0 0 0 0 3 1 40 0.946 0.952 0.946 0.945 0.945 0.946 0.943 0.942 0.948 0.943
0 0 0 0 3 1 41 0.905 0.904 0.907 0.913 0.906 0.907 0.904 0.902 0.902 0.902
0 0 0 0 3 1 42 0.958 0.966 0.956 0.960 0.954 0.955 0.956 0.956 0.956 0.950
0 0 0 0 3 1 43 0.966 0.964 0.961 0.963 0.960 0.961 0.960 0.961 0.964 0.960
0 0 0 0 3 1 44 0.955 0.952 0.956 0.957 0.957 0.960 0.957 0.956 0.959 0.952
0 0 0 0 3 1 45 0.964 0.958 0.964 0.960 0.958 0.959 0.960 0.960 0.954 0.959
0 0 0 0 3 1 46 0.959 0.958 0.969 0.969 0.971 0.971 0.971 0.970 0.968 0.978
0 0 0 0 3 1 47 0.921 0.930 0.944 0.946 0.947 0.946 0.950 0.955 0.941 0.947
## root/medium_muon_2016GH/2016GH_Mu8_minus.root muonEffi_mc_eta_pt
ETA 0 3 48 -1 -2.4 -2.3 -2.2 -2.1 -2.0 -1.9 -1.8 -1.7 -1.6 -1.5 -1.4 -1.3 -1.2 -1.1 -1.0 -0.9 -0.8 -0.7 -0.6 -0.5 -0.4 -0.3 -0.2 -0.1 0.0 0.1 0.2 0.3 0.4 0.5 0.6 0.7 0.8 0.9 1.0 1.1 1.2 1.3 1.4 1.5 1.6 1.7 1.8 1.9 2.0 2.1 2.2 2.3 2.4
PT 0 3 10 -1 10.0 15.0 20.0 25.0 30.0 35.0 40.0 45.0 50.0 60.0 120.0
0 0 0 1 3 1 0 0.931 0.934 0.936 0.949 0.947 0.952 0.954 0.949 0.943 0.949
0 0 0 1 3 1 1 0.966 0.975 0.974 0.979 0.977 0.976 0.976 0.980 0.976 0.970
0 0 0 1 3 1 2 0.951 0.947 0.956 0.955 0.959 0.957 0.955 0.959 0.956 0.959
0 0 0 1 3 1 3 0.969 0.970 0.960 0.960 0.959 0.962 0.964 0.960 0.957 0.963
0 0 0 1 3 1 4 0.965 0.966 0.969 0.970 0.968 0.971 0.971 0.971 0.968 0.972
0 0 0 1 3 1 5 0.972 0.977 0.972 0.975 0.975 0.975 0.976 0.976 0.973 0.974
0 0 0 1 3 1 6 0.930 0.937 0.931 0.917 0.921 0.926 0.924 0.922 0.935 0.935
0 0 0 1 3 1 7 0.932 0.943 0.937 0.942 0.938 0.938 0.935 0.939 0.939 0.942
0 0 0 1 3 1 8 0.946 0.963 0.957 0.958 0.962 0.964 0.958 0.957 0.961 0.960
0 0 0 1 3 1 9 0.960 0.966 0.970 0.974 0.974 0.975 0.973 0.972 0.972 0.972
0 0 0 1 3 1 10 0.982 0.991 0.984 0.989 0.988 0.989 0.988 0.989 0.989 0.984
0 0 0 1 3 1 11 0.978 0.982 0.981 0.982 0.985 0.983 0.983 0.984 0.983 0.986
0 0 0 1 3 1 12 0.972 0.976 0.984 0.983 0.982 0.982 0.983 0.983 0.983 0.984
0 0 0 1 3 1 13 0.987 0.994 0.995 0.994 0.995 0.995 0.995 0.996 0.995 0.995
0 0 0 1 3 1 14 0.984 0.976 0.981 0.981 0.979 0.981 0.978 0.979 0.978 0.981
0 0 0 1 3 1 15 0.954 0.921 0.927 0.928 0.919 0.919 0.917 0.921 0.914 0.911
0 0 0 1 3 1 16 0.979 0.979 0.979 0.976 0.979 0.976 0.974 0.976 0.971 0.965
0 0 0 1 3 1 17 0.990 0.985 0.986 0.982 0.986 0.984 0.983 0.984 0.982 0.985
0 0 0 1 3 1 18 0.986 0.984 0.983 0.985 0.984 0.981 0.982 0.982 0.982 0.981
0 0 0 1 3 1 19 0.998 0.993 0.989 0.990 0.989 0.989 0.989 0.989 0.991 0.987
0 0 0 1 3 1 20 0.970 0.985 0.980 0.982 0.982 0.980 0.980 0.978 0.979 0.978
0 0 0 1 3 1 21 0.895 0.880 0.876 0.884 0.886 0.878 0.880 0.873 0.870 0.877
0 0 0 1 3 1 22 0.940 0.964 0.963 0.957 0.959 0.958 0.959 0.955 0.957 0.957
0 0 0 1 3 1 23 0.990 0.992 0.991 0.992 0.991 0.989 0.990 0.989 0.988 0.990
0 0 0 1 3 1 24 0.991 0.993 0.991 0.990 0.988 0.990 0.990 0.988 0.992 0.988
0 0 0 1 3 1 25 0.956 0.965 0.965 0.966 0.963 0.960 0.960 0.960 0.959 0.956
0 0 0 1 3 1 26 0.862 0.869 0.873 0.877 0.876 0.870 0.871 0.872 0.864 0.868
0 0 0 1 3 1 27 0.978 0.977 0.979 0.976 0.975 0.975 0.972 0.972 0.968 0.968
0 0 0 1 3 1 28 0.998 0.989 0.989 0.988 0.989 0.988 0.987 0.988 0.987 0.984
0 0 0 1 3 1 29 0.982 0.977 0.979 0.983 0.979 0.977 0.979 0.976 0.977 0.972
0 0 0 1 3 1 30 0.988 0.984 0.980 0.983 0.982 0.979 0.980 0.980 0.976 0.981
0 0 0 1 3 1 31 0.970 0.974 0.972 0.970 0.968 0.968 0.963 0.966 0.967 0.967
0 0 0 1 3 1 32 0.935 0.942 0.937 0.934 0.930 0.929 0.925 0.927 0.923 0.924
0 0 0 1 3 1 33 0.990 0.988 0.990 0.982 0.984 0.985 0.986 0.983 0.981 0.986
0 0 0 1 3 1 34 0.999 0.994 0.995 0.997 0.995 0.996 0.995 0.995 0.996 0.997
0 0 0 1 3 1 35 0.982 0.981 0.984 0.988 0.986 0.986 0.986 0.986 0.986 0.986
0 0 0 1 3 1 36 0.978 0.990 0.987 0.989 0.987 0.986 0.986 0.984 0.985 0.987
0 0 0 1 3 1 37 0.981 0.985 0.990 0.988 0.989 0.989 0.988 0.989 0.989 0.987
0 0 0 1 3 1 38 0.969 0.973 0.978 0.968 0.968 0.972 0.972 0.973 0.973 0.972
0 0 0 1 3 1 39 0.974 0.974 0.980 0.975 0.977 0.973 0.974 0.977 0.974 0.973
0 0 0 1 3 1 40 0.958 0.962 0.971 0.960 0.967 0.967 0.965 0.966 0.965 0.969
0 0 0 1 3 1 41 0.951 0.956 0.960 0.950 0.952 0.952 0.950 0.953 0.955 0.948
0 0 0 1 3 1 42 0.981 0.974 0.975 0.976 0.977 0.976 0.975 0.978 0.976 0.971
0 0 0 1 3 1 43 0.986 0.978 0.981 0.979 0.977 0.979 0.979 0.976 0.978 0.977
0 0 0 1 3 1 44 0.966 0.964 0.968 0.965 0.966 0.967 0.969 0.963 0.969 0.963
0 0 0 1 3 1 45 0.967 0.969 0.967 0.961 0.969 0.971 0.968 0.971 0.969 0.966
0 0 0 1 3 1 46 0.974 0.979 0.978 0.979 0.980 0.981 0.982 0.982 0.981 0.985
0 0 0 1 3 1 47 0.942 0.950 0.961 0.957 0.962 0.958 0.963 0.960 0.958 0.961
