## root/medium_electron_UL2018/egammaEffi.txt_EGM2D_MediumID_QPlus_hsseo_v2.root EGamma_EffData2D
ETA 1 0 16 -1 -2.5 -2.1 -1.8 -1.566 -1.444 -1.1 -0.8 -0.4 0.0 0.4 0.8 1.1 1.444 1.566 1.8 2.1 2.5
PT 1 0 10 -1 10.0 15.0 20.0 25.0 30.0 35.0 40.0 45.0 70.0 100.0 500.0
1 0 0 0 0 0 0 0.529 0.610 0.646 0.696 0.744 0.783 0.816 0.840 0.880 0.905
1 0 0 0 0 0 1 0.629 0.685 0.698 0.742 0.787 0.816 0.846 0.862 0.881 0.913
1 0 0 0 0 0 2 0.629 0.706 0.723 0.759 0.805 0.839 0.864 0.876 0.892 0.927
1 0 0 0 0 0 3 0.521 0.512 0.399 0.506 0.601 0.677 0.744 0.761 0.732 0.775
1 0 0 0 0 0 4 0.465 0.547 0.591 0.650 0.717 0.769 0.812 0.833 0.863 0.916
1 0 0 0 0 0 5 0.453 0.590 0.639 0.692 0.754 0.808 0.845 0.867 0.891 0.928
1 0 0 0 0 0 6 0.434 0.584 0.626 0.683 0.747 0.799 0.837 0.860 0.881 0.909
1 0 0 0 0 0 7 0.407 0.560 0.642 0.700 0.756 0.809 0.848 0.868 0.895 0.921
1 0 0 0 0 0 8 0.410 0.581 0.662 0.719 0.765 0.816 0.850 0.871 0.897 0.924
1 0 0 0 0 0 9 0.447 0.582 0.637 0.702 0.752 0.804 0.841 0.865 0.884 0.921
1 0 0 0 0 0 10 0.468 0.593 0.642 0.700 0.762 0.811 0.847 0.867 0.896 0.923
1 0 0 0 0 0 11 0.441 0.559 0.597 0.653 0.718 0.763 0.807 0.830 0.876 0.907
1 0 0 0 0 0 12 0.485 0.522 0.398 0.505 0.586 0.663 0.725 0.742 0.754 0.838
1 0 0 0 0 0 13 0.631 0.693 0.666 0.724 0.788 0.831 0.857 0.872 0.902 0.920
1 0 0 0 0 0 14 0.586 0.679 0.682 0.732 0.774 0.810 0.837 0.859 0.886 0.899
1 0 0 0 0 0 15 0.512 0.596 0.623 0.679 0.735 0.770 0.805 0.829 0.864 0.875
## root/medium_electron_UL2018/egammaEffi.txt_EGM2D_MediumID_QPlus_hsseo_v2.root EGamma_EffMC2D
ETA 1 0 16 -1 -2.5 -2.1 -1.8 -1.566 -1.444 -1.1 -0.8 -0.4 0.0 0.4 0.8 1.1 1.444 1.566 1.8 2.1 2.5
PT 1 0 10 -1 10.0 15.0 20.0 25.0 30.0 35.0 40.0 45.0 70.0 100.0 500.0
1 0 0 1 0 0 0 0.469 0.614 0.645 0.686 0.748 0.788 0.820 0.844 0.875 0.889
1 0 0 1 0 0 1 0.639 0.702 0.721 0.765 0.804 0.840 0.864 0.882 0.900 0.931
1 0 0 1 0 0 2 0.616 0.696 0.718 0.772 0.807 0.844 0.873 0.887 0.908 0.922
1 0 0 1 0 0 3 0.428 0.507 0.444 0.510 0.584 0.662 0.730 0.740 0.687 0.700
1 0 0 1 0 0 4 0.417 0.590 0.618 0.700 0.744 0.800 0.845 0.868 0.896 0.894
1 0 0 1 0 0 5 0.484 0.610 0.669 0.732 0.782 0.835 0.874 0.897 0.918 0.934
1 0 0 1 0 0 6 0.422 0.595 0.648 0.713 0.773 0.827 0.865 0.888 0.900 0.911
1 0 0 1 0 0 7 0.370 0.573 0.662 0.731 0.790 0.837 0.874 0.894 0.918 0.935
1 0 0 1 0 0 8 0.405 0.583 0.679 0.738 0.793 0.841 0.876 0.896 0.914 0.929
1 0 0 1 0 0 9 0.424 0.602 0.665 0.721 0.780 0.829 0.869 0.888 0.907 0.913
1 0 0 1 0 0 10 0.496 0.609 0.669 0.728 0.782 0.836 0.873 0.895 0.919 0.926
1 0 0 1 0 0 11 0.415 0.575 0.624 0.684 0.744 0.794 0.838 0.864 0.875 0.911
1 0 0 1 0 0 12 0.446 0.523 0.450 0.510 0.587 0.664 0.728 0.741 0.696 0.710
1 0 0 1 0 0 13 0.621 0.687 0.688 0.758 0.803 0.837 0.870 0.883 0.906 0.911
1 0 0 1 0 0 14 0.631 0.713 0.708 0.767 0.804 0.836 0.863 0.883 0.902 0.910
1 0 0 1 0 0 15 0.516 0.601 0.640 0.691 0.739 0.782 0.822 0.845 0.888 0.895
## root/medium_electron_UL2018/egammaEffi.txt_EGM2D_MediumID_QMinus_hsseo_v2.root EGamma_EffData2D
ETA 1 0 16 -1 -2.5 -2.1 -1.8 -1.566 -1.444 -1.1 -0.8 -0.4 0.0 0.4 0.8 1.1 1.444 1.566 1.8 2.1 2.5
PT 1 0 10 -1 10.0 15.0 20.0 25.0 30.0 35.0 40.0 45.0 70.0 100.0 500.0
1 0 0 0 0 1 0 0.518 0.608 0.629 0.692 0.746 0.782 0.815 0.839 0.876 0.904
1 0 0 0 0 1 1 0.628 0.673 0.697 0.735 0.783 0.818 0.846 0.864 0.899 0.901
1 0 0 0 0 1 2 0.614 0.687 0.708 0.749 0.799 0.833 0.862 0.879 0.900 0.922
1 0 0 0 0 1 3 0.567 0.582 0.450 0.502 0.607 0.682 0.745 0.765 0.752 0.817
1 0 0 0 0 1 4 0.461 0.559 0.592 0.668 0.720 0.771 0.814 0.837 0.868 0.918
1 0 0 0 0 1 5 0.453 0.599 0.637 0.700 0.760 0.814 0.848 0.869 0.905 0.935
1 0 0 0 0 1 6 0.438 0.581 0.639 0.686 0.757 0.803 0.840 0.861 0.890 0.915
1 0 0 0 0 1 7 0.408 0.575 0.639 0.703 0.762 0.813 0.849 0.870 0.889 0.923
1 0 0 0 0 1 8 0.387 0.575 0.647 0.708 0.764 0.810 0.849 0.871 0.892 0.932
1 0 0 0 0 1 9 0.433 0.580 0.629 0.691 0.752 0.803 0.840 0.863 0.887 0.921
1 0 0 0 0 1 10 0.434 0.626 0.632 0.692 0.756 0.806 0.844 0.865 0.888 0.935
1 0 0 0 0 1 11 0.480 0.557 0.581 0.639 0.710 0.760 0.803 0.827 0.865 0.916
1 0 0 0 0 1 12 0.479 0.474 0.451 0.508 0.592 0.663 0.728 0.737 0.741 0.847
1 0 0 0 0 1 13 0.623 0.696 0.651 0.739 0.792 0.829 0.857 0.874 0.885 0.928
1 0 0 0 0 1 14 0.631 0.673 0.686 0.732 0.777 0.810 0.837 0.860 0.863 0.894
1 0 0 0 0 1 15 0.489 0.581 0.633 0.681 0.738 0.774 0.806 0.829 0.862 0.887
## root/medium_electron_UL2018/egammaEffi.txt_EGM2D_MediumID_QMinus_hsseo_v2.root EGamma_EffMC2D
ETA 1 0 16 -1 -2.5 -2.1 -1.8 -1.566 -1.444 -1.1 -0.8 -0.4 0.0 0.4 0.8 1.1 1.444 1.566 1.8 2.1 2.5
PT 1 0 10 -1 10.0 15.0 20.0 25.0 30.0 35.0 40.0 45.0 70.0 100.0 500.0
1 0 0 1 0 1 0 0.492 0.604 0.638 0.693 0.747 0.785 0.820 0.848 0.870 0.914
1 0 0 1 0 1 1 0.637 0.726 0.715 0.767 0.806 0.843 0.867 0.885 0.907 0.919
1 0 0 1 0 1 2 0.619 0.712 0.711 0.770 0.814 0.845 0.874 0.889 0.911 0.898
1 0 0 1 0 1 3 0.442 0.492 0.431 0.509 0.584 0.665 0.727 0.739 0.709 0.762
1 0 0 1 0 1 4 0.430 0.585 0.634 0.703 0.758 0.807 0.848 0.873 0.890 0.910
1 0 0 1 0 1 5 0.463 0.615 0.669 0.731 0.788 0.841 0.877 0.898 0.916 0.934
1 0 0 1 0 1 6 0.442 0.585 0.653 0.719 0.780 0.829 0.867 0.890 0.903 0.926
1 0 0 1 0 1 7 0.406 0.561 0.672 0.740 0.793 0.840 0.876 0.896 0.913 0.941
1 0 0 1 0 1 8 0.399 0.581 0.670 0.734 0.792 0.838 0.874 0.895 0.917 0.931
1 0 0 1 0 1 9 0.439 0.584 0.656 0.711 0.772 0.825 0.864 0.887 0.901 0.918
1 0 0 1 0 1 10 0.453 0.589 0.672 0.728 0.781 0.831 0.869 0.890 0.907 0.930
1 0 0 1 0 1 11 0.413 0.553 0.628 0.682 0.739 0.793 0.834 0.863 0.882 0.907
1 0 0 1 0 1 12 0.461 0.523 0.428 0.506 0.587 0.661 0.727 0.739 0.690 0.761
1 0 0 1 0 1 13 0.599 0.710 0.697 0.756 0.809 0.842 0.870 0.886 0.897 0.923
1 0 0 1 0 1 14 0.634 0.707 0.714 0.761 0.801 0.838 0.862 0.881 0.901 0.896
1 0 0 1 0 1 15 0.498 0.600 0.636 0.693 0.744 0.785 0.821 0.845 0.882 0.906
## root/medium_electron_UL2018/egammaEffi.txt_EGM2D_Ele32_MediumID_QPlus_hsseo_v2.root EGamma_EffData2D
ETA 1 1 16 -1 -2.5 -2.1 -1.8 -1.566 -1.444 -1.1 -0.8 -0.4 0.0 0.4 0.8 1.1 1.444 1.566 1.8 2.1 2.5
PT 1 1 10 -1 10.0 15.0 20.0 25.0 30.0 35.0 40.0 45.0 70.0 100.0 500.0
1 0 0 0 1 0 0 0.000 0.000 0.000 0.000 0.269 0.748 0.814 0.847 0.890 0.923
1 0 0 0 1 0 1 0.000 0.000 0.000 0.000 0.362 0.817 0.860 0.887 0.922 0.949
1 0 0 0 1 0 2 0.000 0.000 0.000 0.000 0.377 0.775 0.840 0.872 0.899 0.923
1 0 0 0 1 0 3 0.000 0.000 0.000 0.000 0.322 0.707 0.796 0.831 0.863 0.885
1 0 0 0 1 0 4 0.000 0.000 0.000 0.000 0.233 0.719 0.800 0.832 0.890 0.913
1 0 0 0 1 0 5 0.000 0.000 0.000 0.000 0.345 0.820 0.854 0.872 0.923 0.927
1 0 0 0 1 0 6 0.000 0.000 0.000 0.000 0.363 0.820 0.848 0.871 0.917 0.924
1 0 0 0 1 0 7 0.000 0.000 0.000 0.000 0.357 0.816 0.846 0.869 0.909 0.924
1 0 0 0 1 0 8 0.000 0.000 0.000 0.000 0.345 0.805 0.832 0.849 0.886 0.912
1 0 0 0 1 0 9 0.000 0.000 0.000 0.000 0.366 0.814 0.834 0.855 0.891 0.909
1 0 0 0 1 0 10 0.000 0.000 0.000 0.000 0.333 0.808 0.846 0.862 0.905 0.922
1 0 0 0 1 0 11 0.000 0.000 0.000 0.000 0.239 0.704 0.785 0.821 0.889 0.912
1 0 0 0 1 0 12 0.000 0.000 0.000 0.000 0.323 0.701 0.790 0.822 0.869 0.903
1 0 0 0 1 0 13 0.000 0.000 0.000 0.000 0.372 0.777 0.842 0.871 0.906 0.934
1 0 0 0 1 0 14 0.000 0.000 0.000 0.000 0.362 0.808 0.854 0.878 0.925 0.935
1 0 0 0 1 0 15 0.000 0.000 0.000 0.000 0.272 0.712 0.790 0.830 0.862 0.875
## root/medium_electron_UL2018/egammaEffi.txt_EGM2D_Ele32_MediumID_QPlus_hsseo_v2.root EGamma_EffMC2D
ETA 1 1 16 -1 -2.5 -2.1 -1.8 -1.566 -1.444 -1.1 -0.8 -0.4 0.0 0.4 0.8 1.1 1.444 1.566 1.8 2.1 2.5
PT 1 1 10 -1 10.0 15.0 20.0 25.0 30.0 35.0 40.0 45.0 70.0 100.0 500.0
1 0 0 1 1 0 0 0.000 0.000 0.000 0.000 0.162 0.693 0.814 0.842 0.915 0.935
1 0 0 1 1 0 1 0.000 0.000 0.000 0.000 0.224 0.799 0.871 0.890 0.922 0.947
1 0 0 1 1 0 2 0.000 0.000 0.000 0.000 0.277 0.819 0.868 0.888 0.929 0.944
1 0 0 1 1 0 3 0.000 0.000 0.000 0.000 0.366 0.780 0.837 0.862 0.914 0.900
1 0 0 1 1 0 4 0.000 0.000 0.000 0.000 0.303 0.799 0.840 0.862 0.913 0.921
1 0 0 1 1 0 5 0.000 0.000 0.000 0.000 0.360 0.860 0.883 0.900 0.932 0.954
1 0 0 1 1 0 6 0.000 0.000 0.000 0.000 0.392 0.845 0.867 0.892 0.920 0.940
1 0 0 1 1 0 7 0.000 0.000 0.000 0.000 0.393 0.854 0.873 0.896 0.929 0.937
1 0 0 1 1 0 8 0.000 0.000 0.000 0.000 0.386 0.846 0.864 0.884 0.905 0.917
1 0 0 1 1 0 9 0.000 0.000 0.000 0.000 0.380 0.844 0.863 0.886 0.915 0.934
1 0 0 1 1 0 10 0.000 0.000 0.000 0.000 0.337 0.843 0.868 0.881 0.905 0.952
1 0 0 1 1 0 11 0.000 0.000 0.000 0.000 0.281 0.788 0.823 0.848 0.914 0.914
1 0 0 1 1 0 12 0.000 0.000 0.000 0.000 0.378 0.771 0.826 0.855 0.871 0.913
1 0 0 1 1 0 13 0.000 0.000 0.000 0.000 0.317 0.813 0.871 0.889 0.923 0.931
1 0 0 1 1 0 14 0.000 0.000 0.000 0.000 0.228 0.742 0.862 0.886 0.927 0.953
1 0 0 1 1 0 15 0.000 0.000 0.000 0.000 0.187 0.678 0.773 0.814 0.870 0.893
## root/medium_electron_UL2018/egammaEffi.txt_EGM2D_Ele32_MediumID_QMinus_hsseo_v2.root EGamma_EffData2D
ETA 1 1 16 -1 -2.5 -2.1 -1.8 -1.566 -1.444 -1.1 -0.8 -0.4 0.0 0.4 0.8 1.1 1.444 1.566 1.8 2.1 2.5
PT 1 1 10 -1 10.0 15.0 20.0 25.0 30.0 35.0 40.0 45.0 70.0 100.0 500.0
1 0 0 0 1 1 0 0.000 0.000 0.000 0.000 0.266 0.742 0.813 0.845 0.897 0.912
1 0 0 0 1 1 1 0.000 0.000 0.000 0.000 0.361 0.820 0.861 0.886 0.924 0.947
1 0 0 0 1 1 2 0.000 0.000 0.000 0.000 0.380 0.776 0.839 0.871 0.900 0.923
1 0 0 0 1 1 3 0.000 0.000 0.000 0.000 0.316 0.712 0.798 0.828 0.869 0.912
1 0 0 0 1 1 4 0.000 0.000 0.000 0.000 0.232 0.719 0.799 0.835 0.890 0.914
1 0 0 0 1 1 5 0.000 0.000 0.000 0.000 0.343 0.822 0.856 0.872 0.914 0.930
1 0 0 0 1 1 6 0.000 0.000 0.000 0.000 0.366 0.826 0.851 0.874 0.915 0.927
1 0 0 0 1 1 7 0.000 0.000 0.000 0.000 0.359 0.822 0.849 0.871 0.911 0.925
1 0 0 0 1 1 8 0.000 0.000 0.000 0.000 0.347 0.798 0.827 0.849 0.892 0.904
1 0 0 0 1 1 9 0.000 0.000 0.000 0.000 0.369 0.809 0.833 0.855 0.902 0.911
1 0 0 0 1 1 10 0.000 0.000 0.000 0.000 0.337 0.806 0.845 0.863 0.908 0.920
1 0 0 0 1 1 11 0.000 0.000 0.000 0.000 0.238 0.706 0.788 0.823 0.873 0.906
1 0 0 0 1 1 12 0.000 0.000 0.000 0.000 0.316 0.703 0.789 0.821 0.853 0.911
1 0 0 0 1 1 13 0.000 0.000 0.000 0.000 0.371 0.776 0.843 0.872 0.905 0.919
1 0 0 0 1 1 14 0.000 0.000 0.000 0.000 0.364 0.809 0.856 0.879 0.912 0.939
1 0 0 0 1 1 15 0.000 0.000 0.000 0.000 0.271 0.713 0.789 0.827 0.876 0.883
## root/medium_electron_UL2018/egammaEffi.txt_EGM2D_Ele32_MediumID_QMinus_hsseo_v2.root EGamma_EffMC2D
ETA 1 1 16 -1 -2.5 -2.1 -1.8 -1.566 -1.444 -1.1 -0.8 -0.4 0.0 0.4 0.8 1.1 1.444 1.566 1.8 2.1 2.5
PT 1 1 10 -1 10.0 15.0 20.0 25.0 30.0 35.0 40.0 45.0 70.0 100.0 500.0
1 0 0 1 1 1 0 0.000 0.000 0.000 0.000 0.160 0.694 0.810 0.843 0.912 0.957
1 0 0 1 1 1 1 0.000 0.000 0.000 0.000 0.223 0.787 0.871 0.891 0.924 0.948
1 0 0 1 1 1 2 0.000 0.000 0.000 0.000 0.279 0.817 0.869 0.891 0.921 0.936
1 0 0 1 1 1 3 0.000 0.000 0.000 0.000 0.383 0.777 0.842 0.856 0.918 0.913
1 0 0 1 1 1 4 0.000 0.000 0.000 0.000 0.300 0.800 0.837 0.858 0.908 0.928
1 0 0 1 1 1 5 0.000 0.000 0.000 0.000 0.352 0.863 0.884 0.901 0.936 0.942
1 0 0 1 1 1 6 0.000 0.000 0.000 0.000 0.389 0.848 0.871 0.893 0.923 0.940
1 0 0 1 1 1 7 0.000 0.000 0.000 0.000 0.394 0.861 0.876 0.896 0.924 0.940
1 0 0 1 1 1 8 0.000 0.000 0.000 0.000 0.385 0.837 0.859 0.881 0.911 0.925
1 0 0 1 1 1 9 0.000 0.000 0.000 0.000 0.386 0.841 0.860 0.883 0.915 0.935
1 0 0 1 1 1 10 0.000 0.000 0.000 0.000 0.345 0.843 0.865 0.882 0.921 0.938
1 0 0 1 1 1 11 0.000 0.000 0.000 0.000 0.288 0.785 0.824 0.849 0.898 0.928
1 0 0 1 1 1 12 0.000 0.000 0.000 0.000 0.374 0.777 0.831 0.861 0.890 0.910
1 0 0 1 1 1 13 0.000 0.000 0.000 0.000 0.320 0.812 0.868 0.892 0.924 0.940
1 0 0 1 1 1 14 0.000 0.000 0.000 0.000 0.229 0.750 0.863 0.888 0.923 0.946
1 0 0 1 1 1 15 0.000 0.000 0.000 0.000 0.189 0.676 0.782 0.810 0.889 0.894
## root/medium_electron_UL2018/egammaEffi.txt_EGM2D_Ele23Leg1_MediumID_QPlus_hsseo_v2.root EGamma_EffData2D
ETA 1 2 16 -1 -2.5 -2.1 -1.8 -1.566 -1.444 -1.1 -0.8 -0.4 0.0 0.4 0.8 1.1 1.444 1.566 1.8 2.1 2.5
PT 1 2 10 -1 10.0 15.0 20.0 25.0 30.0 35.0 40.0 45.0 70.0 100.0 500.0
1 0 0 0 2 0 0 0.000 0.000 0.213 0.876 0.939 0.950 0.955 0.965 0.976 0.986
1 0 0 0 2 0 1 0.000 0.000 0.301 0.946 0.970 0.977 0.980 0.985 0.992 0.995
1 0 0 0 2 0 2 0.000 0.000 0.361 0.934 0.945 0.952 0.963 0.970 0.975 0.979
1 0 0 0 2 0 3 0.000 0.000 0.456 0.863 0.897 0.921 0.928 0.932 0.939 0.956
1 0 0 0 2 0 4 0.000 0.000 0.198 0.862 0.906 0.920 0.930 0.934 0.950 0.964
1 0 0 0 2 0 5 0.000 0.000 0.251 0.914 0.941 0.952 0.958 0.958 0.968 0.973
1 0 0 0 2 0 6 0.000 0.000 0.245 0.916 0.936 0.949 0.956 0.964 0.974 0.974
1 0 0 0 2 0 7 0.000 0.000 0.250 0.917 0.937 0.952 0.957 0.964 0.971 0.976
1 0 0 0 2 0 8 0.000 0.000 0.246 0.911 0.930 0.940 0.945 0.949 0.960 0.960
1 0 0 0 2 0 9 0.000 0.000 0.246 0.916 0.930 0.941 0.945 0.952 0.963 0.962
1 0 0 0 2 0 10 0.000 0.000 0.243 0.908 0.938 0.949 0.955 0.954 0.966 0.967
1 0 0 0 2 0 11 0.000 0.000 0.210 0.849 0.894 0.909 0.918 0.924 0.958 0.958
1 0 0 0 2 0 12 0.000 0.000 0.428 0.850 0.895 0.921 0.926 0.929 0.932 0.953
1 0 0 0 2 0 13 0.000 0.000 0.354 0.917 0.943 0.951 0.961 0.968 0.978 0.979
1 0 0 0 2 0 14 0.000 0.000 0.304 0.941 0.964 0.971 0.976 0.980 0.988 0.991
1 0 0 0 2 0 15 0.000 0.000 0.217 0.865 0.919 0.931 0.939 0.951 0.963 0.963
## root/medium_electron_UL2018/egammaEffi.txt_EGM2D_Ele23Leg1_MediumID_QPlus_hsseo_v2.root EGamma_EffMC2D
ETA 1 2 16 -1 -2.5 -2.1 -1.8 -1.566 -1.444 -1.1 -0.8 -0.4 0.0 0.4 0.8 1.1 1.444 1.566 1.8 2.1 2.5
PT 1 2 10 -1 10.0 15.0 20.0 25.0 30.0 35.0 40.0 45.0 70.0 100.0 500.0
1 0 0 1 2 0 0 0.000 0.000 0.140 0.831 0.933 0.945 0.955 0.965 0.977 0.991
1 0 0 1 2 0 1 0.000 0.000 0.220 0.921 0.970 0.979 0.983 0.986 0.994 0.991
1 0 0 1 2 0 2 0.000 0.000 0.285 0.919 0.958 0.966 0.974 0.978 0.987 0.994
1 0 0 1 2 0 3 0.000 0.000 0.387 0.877 0.921 0.944 0.948 0.954 0.979 0.986
1 0 0 1 2 0 4 0.000 0.000 0.203 0.881 0.922 0.938 0.942 0.944 0.965 0.964
1 0 0 1 2 0 5 0.000 0.000 0.229 0.930 0.962 0.968 0.972 0.972 0.980 0.990
1 0 0 1 2 0 6 0.000 0.000 0.255 0.929 0.950 0.960 0.963 0.968 0.976 0.978
1 0 0 1 2 0 7 0.000 0.000 0.268 0.931 0.954 0.966 0.968 0.972 0.981 0.981
1 0 0 1 2 0 8 0.000 0.000 0.261 0.929 0.949 0.956 0.958 0.962 0.963 0.970
1 0 0 1 2 0 9 0.000 0.000 0.247 0.929 0.949 0.956 0.958 0.964 0.964 0.966
1 0 0 1 2 0 10 0.000 0.000 0.225 0.914 0.949 0.956 0.961 0.958 0.962 0.973
1 0 0 1 2 0 11 0.000 0.000 0.190 0.868 0.912 0.926 0.930 0.934 0.963 0.964
1 0 0 1 2 0 12 0.000 0.000 0.367 0.854 0.925 0.939 0.945 0.951 0.940 0.973
1 0 0 1 2 0 13 0.000 0.000 0.295 0.906 0.951 0.964 0.973 0.977 0.986 0.988
1 0 0 1 2 0 14 0.000 0.000 0.234 0.882 0.966 0.974 0.980 0.984 0.993 0.991
1 0 0 1 2 0 15 0.000 0.000 0.191 0.823 0.905 0.927 0.934 0.944 0.965 0.960
## root/medium_electron_UL2018/egammaEffi.txt_EGM2D_Ele23Leg1_MediumID_QMinus_hsseo_v2.root EGamma_EffData2D
ETA 1 2 16 -1 -2.5 -2.1 -1.8 -1.566 -1.444 -1.1 -0.8 -0.4 0.0 0.4 0.8 1.1 1.444 1.566 1.8 2.1 2.5
PT 1 2 10 -1 10.0 15.0 20.0 25.0 30.0 35.0 40.0 45.0 70.0 100.0 500.0
1 0 0 0 2 1 0 0.000 0.000 0.217 0.876 0.938 0.949 0.955 0.964 0.982 0.980
1 0 0 0 2 1 1 0.000 0.000 0.295 0.952 0.970 0.977 0.980 0.983 0.992 0.994
1 0 0 0 2 1 2 0.000 0.000 0.382 0.926 0.947 0.954 0.964 0.971 0.975 0.978
1 0 0 0 2 1 3 0.000 0.000 0.457 0.868 0.900 0.922 0.930 0.932 0.942 0.971
1 0 0 0 2 1 4 0.000 0.000 0.201 0.868 0.908 0.924 0.930 0.935 0.956 0.963
1 0 0 0 2 1 5 0.000 0.000 0.245 0.916 0.943 0.953 0.959 0.959 0.967 0.971
1 0 0 0 2 1 6 0.000 0.000 0.259 0.919 0.940 0.953 0.958 0.965 0.974 0.972
1 0 0 0 2 1 7 0.000 0.000 0.252 0.924 0.943 0.955 0.959 0.964 0.975 0.975
1 0 0 0 2 1 8 0.000 0.000 0.247 0.902 0.921 0.936 0.942 0.948 0.961 0.958
1 0 0 0 2 1 9 0.000 0.000 0.245 0.906 0.926 0.938 0.944 0.952 0.961 0.961
1 0 0 0 2 1 10 0.000 0.000 0.241 0.906 0.937 0.947 0.953 0.954 0.963 0.966
1 0 0 0 2 1 11 0.000 0.000 0.199 0.842 0.892 0.909 0.917 0.924 0.948 0.958
1 0 0 0 2 1 12 0.000 0.000 0.426 0.845 0.902 0.927 0.925 0.932 0.931 0.957
1 0 0 0 2 1 13 0.000 0.000 0.341 0.918 0.944 0.953 0.962 0.969 0.972 0.979
1 0 0 0 2 1 14 0.000 0.000 0.293 0.943 0.962 0.972 0.976 0.981 0.990 0.995
1 0 0 0 2 1 15 0.000 0.000 0.221 0.862 0.918 0.929 0.938 0.950 0.956 0.965
## root/medium_electron_UL2018/egammaEffi.txt_EGM2D_Ele23Leg1_MediumID_QMinus_hsseo_v2.root EGamma_EffMC2D
ETA 1 2 16 -1 -2.5 -2.1 -1.8 -1.566 -1.444 -1.1 -0.8 -0.4 0.0 0.4 0.8 1.1 1.444 1.566 1.8 2.1 2.5
PT 1 2 10 -1 10.0 15.0 20.0 25.0 30.0 35.0 40.0 45.0 70.0 100.0 500.0
1 0 0 1 2 1 0 0.000 0.000 0.140 0.830 0.930 0.944 0.954 0.964 0.983 0.989
1 0 0 1 2 1 1 0.000 0.000 0.241 0.919 0.971 0.979 0.983 0.986 0.993 0.994
1 0 0 1 2 1 2 0.000 0.000 0.278 0.923 0.957 0.965 0.974 0.979 0.979 0.996
1 0 0 1 2 1 3 0.000 0.000 0.359 0.882 0.931 0.939 0.953 0.954 0.950 0.961
1 0 0 1 2 1 4 0.000 0.000 0.214 0.882 0.923 0.938 0.943 0.946 0.965 0.973
1 0 0 1 2 1 5 0.000 0.000 0.231 0.934 0.962 0.970 0.974 0.972 0.979 0.979
1 0 0 1 2 1 6 0.000 0.000 0.255 0.932 0.954 0.961 0.964 0.969 0.975 0.978
1 0 0 1 2 1 7 0.000 0.000 0.262 0.940 0.958 0.968 0.969 0.972 0.974 0.983
1 0 0 1 2 1 8 0.000 0.000 0.250 0.921 0.944 0.954 0.958 0.960 0.971 0.969
1 0 0 1 2 1 9 0.000 0.000 0.246 0.923 0.945 0.955 0.958 0.962 0.973 0.967
1 0 0 1 2 1 10 0.000 0.000 0.227 0.917 0.947 0.957 0.960 0.958 0.971 0.980
1 0 0 1 2 1 11 0.000 0.000 0.190 0.867 0.909 0.922 0.931 0.934 0.960 0.967
1 0 0 1 2 1 12 0.000 0.000 0.373 0.855 0.924 0.942 0.942 0.952 0.972 0.976
1 0 0 1 2 1 13 0.000 0.000 0.312 0.907 0.954 0.960 0.973 0.978 0.983 0.988
1 0 0 1 2 1 14 0.000 0.000 0.233 0.879 0.965 0.977 0.981 0.985 0.992 0.996
1 0 0 1 2 1 15 0.000 0.000 0.192 0.834 0.910 0.924 0.935 0.943 0.965 0.958
## root/medium_electron_UL2018/egammaEffi.txt_EGM2D_Ele12Leg2_MediumID_QPlus_hsseo_v2.root EGamma_EffData2D
ETA 1 3 16 -1 -2.5 -2.1 -1.8 -1.566 -1.444 -1.1 -0.8 -0.4 0.0 0.4 0.8 1.1 1.444 1.566 1.8 2.1 2.5
PT 1 3 10 -1 10.0 15.0 20.0 25.0 30.0 35.0 40.0 45.0 70.0 100.0 500.0
1 0 0 0 3 0 0 0.344 0.829 0.899 0.921 0.940 0.950 0.955 0.965 0.976 0.988
1 0 0 0 3 0 1 0.342 0.856 0.942 0.957 0.971 0.977 0.980 0.985 0.992 0.998
1 0 0 0 3 0 2 0.305 0.805 0.912 0.936 0.946 0.953 0.963 0.971 0.975 0.979
1 0 0 0 3 0 3 0.253 0.734 0.880 0.885 0.899 0.921 0.928 0.934 0.939 0.958
1 0 0 0 3 0 4 0.311 0.827 0.896 0.902 0.909 0.920 0.929 0.934 0.950 0.965
1 0 0 0 3 0 5 0.441 0.913 0.923 0.929 0.942 0.952 0.958 0.958 0.969 0.975
1 0 0 0 3 0 6 0.525 0.920 0.928 0.928 0.937 0.949 0.956 0.964 0.974 0.976
1 0 0 0 3 0 7 0.492 0.914 0.926 0.926 0.937 0.952 0.957 0.964 0.972 0.977
1 0 0 0 3 0 8 0.520 0.916 0.919 0.918 0.929 0.940 0.945 0.949 0.960 0.961
1 0 0 0 3 0 9 0.501 0.912 0.922 0.925 0.931 0.941 0.945 0.952 0.963 0.965
1 0 0 0 3 0 10 0.416 0.908 0.925 0.926 0.939 0.949 0.955 0.954 0.966 0.968
1 0 0 0 3 0 11 0.316 0.805 0.879 0.887 0.897 0.909 0.918 0.924 0.958 0.960
1 0 0 0 3 0 12 0.198 0.756 0.857 0.884 0.898 0.922 0.927 0.930 0.932 0.953
1 0 0 0 3 0 13 0.274 0.787 0.917 0.942 0.946 0.951 0.961 0.968 0.979 0.980
1 0 0 0 3 0 14 0.317 0.858 0.932 0.954 0.965 0.972 0.976 0.980 0.989 0.993
1 0 0 0 3 0 15 0.313 0.799 0.872 0.901 0.921 0.931 0.939 0.951 0.963 0.963
## root/medium_electron_UL2018/egammaEffi.txt_EGM2D_Ele12Leg2_MediumID_QPlus_hsseo_v2.root EGamma_EffMC2D
ETA 1 3 16 -1 -2.5 -2.1 -1.8 -1.566 -1.444 -1.1 -0.8 -0.4 0.0 0.4 0.8 1.1 1.444 1.566 1.8 2.1 2.5
PT 1 3 10 -1 10.0 15.0 20.0 25.0 30.0 35.0 40.0 45.0 70.0 100.0 500.0
1 0 0 1 3 0 0 0.347 0.785 0.865 0.909 0.934 0.945 0.955 0.965 0.978 0.992
1 0 0 1 3 0 1 0.512 0.906 0.945 0.966 0.972 0.980 0.983 0.986 0.993 0.994
1 0 0 1 3 0 2 0.511 0.898 0.942 0.952 0.960 0.967 0.974 0.978 0.987 0.994
1 0 0 1 3 0 3 0.482 0.853 0.897 0.915 0.924 0.945 0.948 0.954 0.979 0.986
1 0 0 1 3 0 4 0.512 0.894 0.902 0.912 0.923 0.938 0.942 0.944 0.965 0.965
1 0 0 1 3 0 5 0.535 0.941 0.944 0.947 0.963 0.968 0.972 0.972 0.980 0.989
1 0 0 1 3 0 6 0.624 0.944 0.938 0.942 0.950 0.961 0.963 0.968 0.976 0.982
1 0 0 1 3 0 7 0.636 0.948 0.936 0.941 0.954 0.967 0.968 0.972 0.981 0.982
1 0 0 1 3 0 8 0.613 0.940 0.938 0.936 0.949 0.957 0.958 0.962 0.963 0.970
1 0 0 1 3 0 9 0.613 0.944 0.938 0.938 0.950 0.956 0.958 0.964 0.964 0.970
1 0 0 1 3 0 10 0.516 0.935 0.929 0.931 0.951 0.956 0.961 0.958 0.962 0.975
1 0 0 1 3 0 11 0.482 0.854 0.881 0.896 0.913 0.926 0.930 0.934 0.963 0.965
1 0 0 1 3 0 12 0.514 0.867 0.899 0.914 0.932 0.941 0.946 0.951 0.940 0.973
1 0 0 1 3 0 13 0.498 0.884 0.931 0.947 0.957 0.964 0.974 0.977 0.986 0.987
1 0 0 1 3 0 14 0.510 0.889 0.936 0.962 0.970 0.976 0.980 0.984 0.993 0.994
1 0 0 1 3 0 15 0.383 0.757 0.850 0.888 0.907 0.928 0.935 0.945 0.965 0.959
## root/medium_electron_UL2018/egammaEffi.txt_EGM2D_Ele12Leg2_MediumID_QMinus_hsseo_v2.root EGamma_EffData2D
ETA 1 3 16 -1 -2.5 -2.1 -1.8 -1.566 -1.444 -1.1 -0.8 -0.4 0.0 0.4 0.8 1.1 1.444 1.566 1.8 2.1 2.5
PT 1 3 10 -1 10.0 15.0 20.0 25.0 30.0 35.0 40.0 45.0 70.0 100.0 500.0
1 0 0 0 3 1 0 0.317 0.812 0.894 0.919 0.938 0.951 0.955 0.964 0.983 0.982
1 0 0 0 3 1 1 0.348 0.855 0.947 0.962 0.971 0.977 0.980 0.983 0.991 0.995
1 0 0 0 3 1 2 0.298 0.812 0.914 0.938 0.949 0.955 0.964 0.971 0.975 0.978
1 0 0 0 3 1 3 0.189 0.753 0.874 0.888 0.901 0.922 0.930 0.932 0.942 0.971
1 0 0 0 3 1 4 0.317 0.823 0.891 0.906 0.910 0.924 0.929 0.936 0.956 0.965
1 0 0 0 3 1 5 0.410 0.911 0.933 0.934 0.943 0.953 0.960 0.959 0.967 0.973
1 0 0 0 3 1 6 0.513 0.927 0.937 0.932 0.940 0.953 0.958 0.965 0.974 0.974
1 0 0 0 3 1 7 0.558 0.914 0.929 0.933 0.945 0.955 0.959 0.964 0.975 0.978
1 0 0 0 3 1 8 0.528 0.906 0.912 0.909 0.921 0.936 0.942 0.948 0.961 0.960
1 0 0 0 3 1 9 0.515 0.917 0.923 0.916 0.926 0.938 0.944 0.952 0.961 0.963
1 0 0 0 3 1 10 0.426 0.916 0.927 0.926 0.937 0.948 0.953 0.954 0.959 0.968
1 0 0 0 3 1 11 0.302 0.817 0.869 0.877 0.894 0.910 0.918 0.924 0.948 0.960
1 0 0 0 3 1 12 0.268 0.735 0.857 0.881 0.905 0.923 0.925 0.933 0.931 0.960
1 0 0 0 3 1 13 0.273 0.785 0.907 0.937 0.946 0.953 0.963 0.970 0.972 0.981
1 0 0 0 3 1 14 0.342 0.844 0.932 0.953 0.965 0.972 0.976 0.981 0.990 0.997
1 0 0 0 3 1 15 0.323 0.799 0.873 0.903 0.920 0.930 0.938 0.950 0.956 0.965
## root/medium_electron_UL2018/egammaEffi.txt_EGM2D_Ele12Leg2_MediumID_QMinus_hsseo_v2.root EGamma_EffMC2D
ETA 1 3 16 -1 -2.5 -2.1 -1.8 -1.566 -1.444 -1.1 -0.8 -0.4 0.0 0.4 0.8 1.1 1.444 1.566 1.8 2.1 2.5
PT 1 3 10 -1 10.0 15.0 20.0 25.0 30.0 35.0 40.0 45.0 70.0 100.0 500.0
1 0 0 1 3 1 0 0.380 0.776 0.872 0.910 0.931 0.944 0.954 0.965 0.984 0.990
1 0 0 1 3 1 1 0.493 0.907 0.946 0.963 0.973 0.980 0.983 0.986 0.993 0.998
1 0 0 1 3 1 2 0.494 0.884 0.932 0.954 0.958 0.965 0.974 0.979 0.979 0.999
1 0 0 1 3 1 3 0.519 0.880 0.903 0.914 0.935 0.939 0.953 0.954 0.950 0.962
1 0 0 1 3 1 4 0.550 0.890 0.907 0.914 0.924 0.938 0.943 0.946 0.966 0.974
1 0 0 1 3 1 5 0.527 0.943 0.948 0.950 0.963 0.970 0.974 0.972 0.979 0.980
1 0 0 1 3 1 6 0.627 0.943 0.939 0.945 0.955 0.961 0.964 0.969 0.975 0.978
1 0 0 1 3 1 7 0.667 0.940 0.942 0.949 0.959 0.968 0.969 0.972 0.974 0.983
1 0 0 1 3 1 8 0.634 0.934 0.925 0.929 0.944 0.954 0.958 0.961 0.971 0.969
1 0 0 1 3 1 9 0.628 0.930 0.932 0.933 0.945 0.955 0.958 0.962 0.973 0.971
1 0 0 1 3 1 10 0.527 0.926 0.928 0.935 0.949 0.957 0.960 0.958 0.971 0.982
1 0 0 1 3 1 11 0.487 0.864 0.880 0.897 0.911 0.922 0.931 0.934 0.960 0.970
1 0 0 1 3 1 12 0.508 0.866 0.894 0.908 0.931 0.944 0.943 0.952 0.972 0.975
1 0 0 1 3 1 13 0.503 0.903 0.926 0.948 0.958 0.961 0.973 0.978 0.983 0.988
1 0 0 1 3 1 14 0.464 0.904 0.943 0.961 0.968 0.978 0.981 0.985 0.992 0.996
1 0 0 1 3 1 15 0.379 0.779 0.846 0.890 0.912 0.925 0.935 0.943 0.966 0.959
