## root/medium_electron_2016/egammaEffi.txt_EGM2D_MediumID_QPlus_hsseo_v2.root EGamma_EffData2D
ETA 1 0 16 -1 -2.5 -2.1 -1.8 -1.566 -1.444 -1.1 -0.8 -0.4 0.0 0.4 0.8 1.1 1.444 1.566 1.8 2.1 2.5
PT 1 0 10 -1 10.0 15.0 20.0 25.0 30.0 35.0 40.0 45.0 70.0 100.0 500.0
1 0 0 0 0 0 0 0.516 0.587 0.608 0.670 0.713 0.745 0.784 0.807 0.851 0.870
1 0 0 0 0 0 1 0.550 0.643 0.666 0.708 0.761 0.792 0.821 0.842 0.861 0.892
1 0 0 0 0 0 2 0.566 0.619 0.670 0.715 0.761 0.794 0.828 0.848 0.882 0.877
1 0 0 0 0 0 3 0.476 0.496 0.413 0.487 0.557 0.619 0.688 0.717 0.754 0.800
1 0 0 0 0 0 4 0.471 0.548 0.594 0.657 0.716 0.758 0.799 0.830 0.862 0.884
1 0 0 0 0 0 5 0.523 0.624 0.630 0.685 0.743 0.791 0.831 0.855 0.895 0.909
1 0 0 0 0 0 6 0.491 0.578 0.629 0.682 0.738 0.781 0.818 0.846 0.875 0.902
1 0 0 0 0 0 7 0.487 0.555 0.626 0.682 0.745 0.784 0.819 0.841 0.867 0.897
1 0 0 0 0 0 8 0.495 0.568 0.649 0.702 0.751 0.798 0.832 0.851 0.871 0.908
1 0 0 0 0 0 9 0.481 0.609 0.637 0.696 0.751 0.791 0.828 0.852 0.878 0.908
1 0 0 0 0 0 10 0.509 0.610 0.639 0.713 0.759 0.799 0.838 0.862 0.891 0.901
1 0 0 0 0 0 11 0.478 0.562 0.604 0.666 0.706 0.753 0.798 0.830 0.866 0.886
1 0 0 0 0 0 12 0.454 0.558 0.392 0.473 0.548 0.619 0.677 0.709 0.730 0.738
1 0 0 0 0 0 13 0.538 0.615 0.622 0.686 0.746 0.788 0.826 0.847 0.875 0.894
1 0 0 0 0 0 14 0.593 0.638 0.651 0.701 0.747 0.788 0.819 0.841 0.863 0.880
1 0 0 0 0 0 15 0.514 0.574 0.593 0.644 0.702 0.742 0.767 0.795 0.865 0.866
## root/medium_electron_2016/egammaEffi.txt_EGM2D_MediumID_QPlus_hsseo_v2.root EGamma_EffMC2D
ETA 1 0 16 -1 -2.5 -2.1 -1.8 -1.566 -1.444 -1.1 -0.8 -0.4 0.0 0.4 0.8 1.1 1.444 1.566 1.8 2.1 2.5
PT 1 0 10 -1 10.0 15.0 20.0 25.0 30.0 35.0 40.0 45.0 70.0 100.0 500.0
1 0 0 1 0 0 0 0.545 0.673 0.634 0.684 0.725 0.771 0.800 0.828 0.861 0.864
1 0 0 1 0 0 1 0.628 0.684 0.689 0.751 0.789 0.819 0.848 0.871 0.912 0.869
1 0 0 1 0 0 2 0.604 0.660 0.679 0.731 0.774 0.805 0.838 0.860 0.888 0.905
1 0 0 1 0 0 3 0.384 0.506 0.414 0.486 0.551 0.633 0.710 0.736 0.705 0.754
1 0 0 1 0 0 4 0.498 0.583 0.633 0.690 0.738 0.782 0.832 0.856 0.880 0.911
1 0 0 1 0 0 5 0.543 0.612 0.672 0.721 0.773 0.817 0.856 0.881 0.901 0.915
1 0 0 1 0 0 6 0.527 0.607 0.648 0.703 0.760 0.810 0.846 0.874 0.891 0.904
1 0 0 1 0 0 7 0.453 0.614 0.671 0.719 0.778 0.820 0.857 0.879 0.903 0.915
1 0 0 1 0 0 8 0.488 0.601 0.664 0.727 0.781 0.820 0.855 0.877 0.903 0.923
1 0 0 1 0 0 9 0.524 0.613 0.657 0.709 0.762 0.811 0.845 0.871 0.895 0.914
1 0 0 1 0 0 10 0.552 0.628 0.669 0.719 0.776 0.818 0.854 0.878 0.897 0.906
1 0 0 1 0 0 11 0.509 0.595 0.623 0.687 0.739 0.783 0.826 0.857 0.870 0.893
1 0 0 1 0 0 12 0.471 0.516 0.409 0.494 0.555 0.633 0.706 0.734 0.721 0.769
1 0 0 1 0 0 13 0.608 0.657 0.658 0.718 0.775 0.814 0.847 0.869 0.883 0.916
1 0 0 1 0 0 14 0.634 0.692 0.698 0.751 0.793 0.815 0.848 0.867 0.877 0.904
1 0 0 1 0 0 15 0.568 0.654 0.652 0.703 0.748 0.786 0.811 0.840 0.861 0.892
## root/medium_electron_2016/egammaEffi.txt_EGM2D_MediumID_QMinus_hsseo_v2.root EGamma_EffData2D
ETA 1 0 16 -1 -2.5 -2.1 -1.8 -1.566 -1.444 -1.1 -0.8 -0.4 0.0 0.4 0.8 1.1 1.444 1.566 1.8 2.1 2.5
PT 1 0 10 -1 10.0 15.0 20.0 25.0 30.0 35.0 40.0 45.0 70.0 100.0 500.0
1 0 0 0 0 1 0 0.541 0.582 0.622 0.659 0.707 0.751 0.780 0.806 0.842 0.879
1 0 0 0 0 1 1 0.547 0.650 0.674 0.715 0.755 0.789 0.821 0.844 0.864 0.886
1 0 0 0 0 1 2 0.562 0.645 0.659 0.713 0.759 0.794 0.827 0.850 0.858 0.894
1 0 0 0 0 1 3 0.455 0.474 0.414 0.499 0.550 0.629 0.692 0.723 0.770 0.798
1 0 0 0 0 1 4 0.477 0.573 0.604 0.661 0.721 0.759 0.805 0.834 0.858 0.892
1 0 0 0 0 1 5 0.519 0.623 0.655 0.705 0.758 0.791 0.834 0.856 0.890 0.905
1 0 0 0 0 1 6 0.497 0.551 0.633 0.688 0.739 0.782 0.818 0.843 0.865 0.902
1 0 0 0 0 1 7 0.481 0.577 0.626 0.691 0.744 0.787 0.819 0.842 0.861 0.902
1 0 0 0 0 1 8 0.443 0.576 0.638 0.700 0.752 0.794 0.829 0.850 0.874 0.905
1 0 0 0 0 1 9 0.489 0.602 0.646 0.690 0.747 0.786 0.826 0.850 0.877 0.908
1 0 0 0 0 1 10 0.542 0.617 0.648 0.702 0.752 0.797 0.835 0.857 0.890 0.912
1 0 0 0 0 1 11 0.485 0.566 0.592 0.648 0.703 0.749 0.795 0.826 0.851 0.895
1 0 0 0 0 1 12 0.387 0.536 0.393 0.449 0.541 0.616 0.674 0.710 0.684 0.748
1 0 0 0 0 1 13 0.562 0.628 0.631 0.693 0.750 0.790 0.821 0.850 0.878 0.878
1 0 0 0 0 1 14 0.571 0.610 0.644 0.707 0.755 0.787 0.819 0.834 0.862 0.882
1 0 0 0 0 1 15 0.515 0.579 0.619 0.656 0.704 0.744 0.771 0.799 0.837 0.864
## root/medium_electron_2016/egammaEffi.txt_EGM2D_MediumID_QMinus_hsseo_v2.root EGamma_EffMC2D
ETA 1 0 16 -1 -2.5 -2.1 -1.8 -1.566 -1.444 -1.1 -0.8 -0.4 0.0 0.4 0.8 1.1 1.444 1.566 1.8 2.1 2.5
PT 1 0 10 -1 10.0 15.0 20.0 25.0 30.0 35.0 40.0 45.0 70.0 100.0 500.0
1 0 0 1 0 1 0 0.526 0.622 0.631 0.677 0.732 0.767 0.801 0.826 0.837 0.870
1 0 0 1 0 1 1 0.605 0.685 0.701 0.742 0.786 0.818 0.847 0.866 0.876 0.909
1 0 0 1 0 1 2 0.608 0.674 0.683 0.735 0.770 0.808 0.839 0.861 0.885 0.896
1 0 0 1 0 1 3 0.498 0.475 0.387 0.492 0.560 0.627 0.709 0.735 0.700 0.771
1 0 0 1 0 1 4 0.449 0.613 0.633 0.698 0.744 0.790 0.830 0.859 0.888 0.902
1 0 0 1 0 1 5 0.550 0.630 0.674 0.728 0.777 0.823 0.859 0.880 0.897 0.920
1 0 0 1 0 1 6 0.536 0.617 0.643 0.710 0.771 0.811 0.847 0.874 0.894 0.910
1 0 0 1 0 1 7 0.452 0.600 0.664 0.728 0.781 0.823 0.856 0.881 0.899 0.924
1 0 0 1 0 1 8 0.452 0.608 0.657 0.723 0.769 0.815 0.853 0.877 0.899 0.922
1 0 0 1 0 1 9 0.489 0.618 0.648 0.707 0.758 0.805 0.843 0.868 0.891 0.902
1 0 0 1 0 1 10 0.535 0.633 0.668 0.727 0.770 0.814 0.851 0.876 0.891 0.909
1 0 0 1 0 1 11 0.477 0.578 0.623 0.679 0.734 0.780 0.828 0.854 0.877 0.874
1 0 0 1 0 1 12 0.399 0.487 0.405 0.491 0.579 0.627 0.710 0.735 0.670 0.736
1 0 0 1 0 1 13 0.559 0.645 0.660 0.722 0.779 0.815 0.848 0.864 0.895 0.921
1 0 0 1 0 1 14 0.607 0.672 0.692 0.749 0.785 0.819 0.843 0.869 0.871 0.912
1 0 0 1 0 1 15 0.587 0.672 0.652 0.704 0.749 0.784 0.814 0.837 0.863 0.868
## root/medium_electron_2016/egammaEffi.txt_EGM2D_Ele27_MediumID_QPlus_hsseo_v2.root EGamma_EffData2D
ETA 1 1 16 -1 -2.5 -2.1 -1.8 -1.566 -1.444 -1.1 -0.8 -0.4 0.0 0.4 0.8 1.1 1.444 1.566 1.8 2.1 2.5
PT 1 1 10 -1 10.0 15.0 20.0 25.0 30.0 35.0 40.0 45.0 70.0 100.0 500.0
1 0 0 0 1 0 0 0.000 0.000 0.000 0.159 0.472 0.563 0.616 0.666 0.763 0.813
1 0 0 0 1 0 1 0.000 0.000 0.000 0.277 0.571 0.655 0.711 0.752 0.817 0.849
1 0 0 0 1 0 2 0.000 0.000 0.000 0.295 0.545 0.642 0.701 0.749 0.795 0.833
1 0 0 0 1 0 3 0.000 0.000 0.000 0.289 0.576 0.662 0.719 0.772 0.804 0.857
1 0 0 0 1 0 4 0.000 0.000 0.000 0.299 0.650 0.742 0.797 0.841 0.908 0.929
1 0 0 0 1 0 5 0.000 0.000 0.000 0.408 0.744 0.809 0.845 0.871 0.922 0.939
1 0 0 0 1 0 6 0.000 0.000 0.000 0.401 0.731 0.794 0.834 0.866 0.917 0.931
1 0 0 0 1 0 7 0.000 0.000 0.000 0.357 0.663 0.733 0.786 0.828 0.892 0.928
1 0 0 0 1 0 8 0.000 0.000 0.000 0.362 0.666 0.734 0.783 0.822 0.890 0.920
1 0 0 0 1 0 9 0.000 0.000 0.000 0.415 0.735 0.795 0.832 0.863 0.899 0.930
1 0 0 0 1 0 10 0.000 0.000 0.000 0.393 0.746 0.812 0.846 0.872 0.922 0.942
1 0 0 0 1 0 11 0.000 0.000 0.000 0.284 0.649 0.743 0.794 0.841 0.910 0.928
1 0 0 0 1 0 12 0.000 0.000 0.000 0.245 0.554 0.656 0.723 0.761 0.787 0.853
1 0 0 0 1 0 13 0.000 0.000 0.000 0.256 0.541 0.646 0.705 0.753 0.806 0.828
1 0 0 0 1 0 14 0.000 0.000 0.000 0.244 0.570 0.664 0.714 0.756 0.813 0.863
1 0 0 0 1 0 15 0.000 0.000 0.000 0.143 0.455 0.569 0.621 0.680 0.791 0.819
## root/medium_electron_2016/egammaEffi.txt_EGM2D_Ele27_MediumID_QPlus_hsseo_v2.root EGamma_EffMC2D
ETA 1 1 16 -1 -2.5 -2.1 -1.8 -1.566 -1.444 -1.1 -0.8 -0.4 0.0 0.4 0.8 1.1 1.444 1.566 1.8 2.1 2.5
PT 1 1 10 -1 10.0 15.0 20.0 25.0 30.0 35.0 40.0 45.0 70.0 100.0 500.0
1 0 0 1 1 0 0 0.000 0.000 0.000 0.310 0.502 0.573 0.637 0.697 0.828 0.882
1 0 0 1 1 0 1 0.000 0.000 0.000 0.396 0.628 0.715 0.761 0.798 0.867 0.911
1 0 0 1 1 0 2 0.000 0.000 0.000 0.374 0.623 0.706 0.761 0.797 0.846 0.885
1 0 0 1 1 0 3 0.000 0.000 0.000 0.379 0.615 0.686 0.737 0.782 0.827 0.856
1 0 0 1 1 0 4 0.000 0.000 0.000 0.405 0.718 0.777 0.816 0.858 0.906 0.955
1 0 0 1 1 0 5 0.000 0.000 0.000 0.440 0.766 0.812 0.843 0.871 0.922 0.964
1 0 0 1 1 0 6 0.000 0.000 0.000 0.445 0.746 0.789 0.821 0.858 0.926 0.948
1 0 0 1 1 0 7 0.000 0.000 0.000 0.430 0.707 0.753 0.787 0.831 0.905 0.934
1 0 0 1 1 0 8 0.000 0.000 0.000 0.454 0.719 0.765 0.791 0.831 0.900 0.936
1 0 0 1 1 0 9 0.000 0.000 0.000 0.472 0.759 0.799 0.827 0.863 0.913 0.941
1 0 0 1 1 0 10 0.000 0.000 0.000 0.470 0.774 0.818 0.842 0.874 0.933 0.957
1 0 0 1 1 0 11 0.000 0.000 0.000 0.420 0.733 0.786 0.824 0.863 0.910 0.956
1 0 0 1 1 0 12 0.000 0.000 0.000 0.390 0.613 0.691 0.730 0.770 0.790 0.835
1 0 0 1 1 0 13 0.000 0.000 0.000 0.376 0.621 0.706 0.763 0.795 0.883 0.898
1 0 0 1 1 0 14 0.000 0.000 0.000 0.419 0.650 0.725 0.768 0.813 0.874 0.909
1 0 0 1 1 0 15 0.000 0.000 0.000 0.366 0.558 0.624 0.680 0.732 0.844 0.896
## root/medium_electron_2016/egammaEffi.txt_EGM2D_Ele27_MediumID_QMinus_hsseo_v2.root EGamma_EffData2D
ETA 1 1 16 -1 -2.5 -2.1 -1.8 -1.566 -1.444 -1.1 -0.8 -0.4 0.0 0.4 0.8 1.1 1.444 1.566 1.8 2.1 2.5
PT 1 1 10 -1 10.0 15.0 20.0 25.0 30.0 35.0 40.0 45.0 70.0 100.0 500.0
1 0 0 0 1 1 0 0.000 0.000 0.000 0.164 0.468 0.560 0.615 0.664 0.748 0.824
1 0 0 0 1 1 1 0.000 0.000 0.000 0.285 0.575 0.660 0.711 0.756 0.802 0.838
1 0 0 0 1 1 2 0.000 0.000 0.000 0.295 0.553 0.652 0.707 0.753 0.799 0.829
1 0 0 0 1 1 3 0.000 0.000 0.000 0.298 0.585 0.671 0.736 0.775 0.819 0.827
1 0 0 0 1 1 4 0.000 0.000 0.000 0.288 0.649 0.737 0.796 0.838 0.896 0.935
1 0 0 0 1 1 5 0.000 0.000 0.000 0.405 0.745 0.809 0.844 0.870 0.919 0.936
1 0 0 0 1 1 6 0.000 0.000 0.000 0.406 0.729 0.795 0.832 0.866 0.921 0.932
1 0 0 0 1 1 7 0.000 0.000 0.000 0.356 0.666 0.738 0.784 0.827 0.905 0.931
1 0 0 0 1 1 8 0.000 0.000 0.000 0.362 0.659 0.732 0.782 0.822 0.888 0.919
1 0 0 0 1 1 9 0.000 0.000 0.000 0.407 0.737 0.794 0.830 0.863 0.911 0.933
1 0 0 0 1 1 10 0.000 0.000 0.000 0.391 0.744 0.812 0.846 0.876 0.919 0.940
1 0 0 0 1 1 11 0.000 0.000 0.000 0.288 0.646 0.744 0.796 0.843 0.904 0.941
1 0 0 0 1 1 12 0.000 0.000 0.000 0.267 0.565 0.666 0.727 0.773 0.818 0.824
1 0 0 0 1 1 13 0.000 0.000 0.000 0.271 0.557 0.655 0.718 0.761 0.819 0.841
1 0 0 0 1 1 14 0.000 0.000 0.000 0.254 0.576 0.668 0.717 0.756 0.806 0.837
1 0 0 0 1 1 15 0.000 0.000 0.000 0.143 0.458 0.562 0.627 0.680 0.783 0.831
## root/medium_electron_2016/egammaEffi.txt_EGM2D_Ele27_MediumID_QMinus_hsseo_v2.root EGamma_EffMC2D
ETA 1 1 16 -1 -2.5 -2.1 -1.8 -1.566 -1.444 -1.1 -0.8 -0.4 0.0 0.4 0.8 1.1 1.444 1.566 1.8 2.1 2.5
PT 1 1 10 -1 10.0 15.0 20.0 25.0 30.0 35.0 40.0 45.0 70.0 100.0 500.0
1 0 0 1 1 1 0 0.000 0.000 0.000 0.323 0.506 0.584 0.640 0.700 0.835 0.889
1 0 0 1 1 1 1 0.000 0.000 0.000 0.400 0.635 0.713 0.750 0.803 0.884 0.899
1 0 0 1 1 1 2 0.000 0.000 0.000 0.380 0.639 0.714 0.760 0.801 0.865 0.899
1 0 0 1 1 1 3 0.000 0.000 0.000 0.385 0.639 0.695 0.742 0.781 0.823 0.882
1 0 0 1 1 1 4 0.000 0.000 0.000 0.403 0.720 0.779 0.816 0.853 0.919 0.942
1 0 0 1 1 1 5 0.000 0.000 0.000 0.452 0.772 0.815 0.843 0.873 0.930 0.945
1 0 0 1 1 1 6 0.000 0.000 0.000 0.455 0.757 0.796 0.824 0.860 0.924 0.948
1 0 0 1 1 1 7 0.000 0.000 0.000 0.448 0.719 0.757 0.793 0.832 0.904 0.938
1 0 0 1 1 1 8 0.000 0.000 0.000 0.447 0.709 0.757 0.786 0.832 0.906 0.937
1 0 0 1 1 1 9 0.000 0.000 0.000 0.471 0.755 0.793 0.823 0.861 0.923 0.947
1 0 0 1 1 1 10 0.000 0.000 0.000 0.464 0.776 0.819 0.845 0.874 0.937 0.955
1 0 0 1 1 1 11 0.000 0.000 0.000 0.425 0.726 0.789 0.827 0.865 0.899 0.952
1 0 0 1 1 1 12 0.000 0.000 0.000 0.380 0.620 0.688 0.743 0.776 0.803 0.868
1 0 0 1 1 1 13 0.000 0.000 0.000 0.376 0.645 0.714 0.760 0.804 0.872 0.890
1 0 0 1 1 1 14 0.000 0.000 0.000 0.421 0.663 0.729 0.768 0.812 0.889 0.922
1 0 0 1 1 1 15 0.000 0.000 0.000 0.365 0.551 0.620 0.680 0.739 0.843 0.879
## root/medium_electron_2016/egammaEffi.txt_EGM2D_Ele23Leg1_MediumID_QPlus_hsseo_v2.root EGamma_EffData2D
ETA 1 2 16 -1 -2.5 -2.1 -1.8 -1.566 -1.444 -1.1 -0.8 -0.4 0.0 0.4 0.8 1.1 1.444 1.566 1.8 2.1 2.5
PT 1 2 10 -1 10.0 15.0 20.0 25.0 30.0 35.0 40.0 45.0 70.0 100.0 500.0
1 0 0 0 2 0 0 0.000 0.000 0.241 0.851 0.926 0.948 0.958 0.970 0.989 0.991
1 0 0 0 2 0 1 0.000 0.000 0.406 0.933 0.971 0.983 0.985 0.986 0.992 0.993
1 0 0 0 2 0 2 0.000 0.000 0.441 0.901 0.956 0.973 0.980 0.984 0.994 0.992
1 0 0 0 2 0 3 0.000 0.000 0.414 0.876 0.950 0.962 0.964 0.968 0.973 0.942
1 0 0 0 2 0 4 0.000 0.000 0.307 0.892 0.939 0.954 0.962 0.968 0.977 0.978
1 0 0 0 2 0 5 0.000 0.000 0.403 0.924 0.950 0.958 0.965 0.966 0.980 0.973
1 0 0 0 2 0 6 0.000 0.000 0.420 0.927 0.948 0.958 0.964 0.970 0.981 0.970
1 0 0 0 2 0 7 0.000 0.000 0.441 0.905 0.932 0.950 0.956 0.965 0.977 0.975
1 0 0 0 2 0 8 0.000 0.000 0.443 0.901 0.923 0.941 0.945 0.955 0.969 0.965
1 0 0 0 2 0 9 0.000 0.000 0.431 0.931 0.946 0.955 0.960 0.967 0.975 0.975
1 0 0 0 2 0 10 0.000 0.000 0.380 0.925 0.950 0.962 0.966 0.969 0.978 0.981
1 0 0 0 2 0 11 0.000 0.000 0.315 0.899 0.949 0.962 0.968 0.973 0.986 0.984
1 0 0 0 2 0 12 0.000 0.000 0.347 0.859 0.946 0.963 0.970 0.974 0.961 0.963
1 0 0 0 2 0 13 0.000 0.000 0.368 0.892 0.959 0.977 0.985 0.987 0.997 0.996
1 0 0 0 2 0 14 0.000 0.000 0.321 0.908 0.964 0.976 0.982 0.985 0.997 0.998
1 0 0 0 2 0 15 0.000 0.000 0.178 0.807 0.905 0.939 0.953 0.963 0.991 0.991
## root/medium_electron_2016/egammaEffi.txt_EGM2D_Ele23Leg1_MediumID_QPlus_hsseo_v2.root EGamma_EffMC2D
ETA 1 2 16 -1 -2.5 -2.1 -1.8 -1.566 -1.444 -1.1 -0.8 -0.4 0.0 0.4 0.8 1.1 1.444 1.566 1.8 2.1 2.5
PT 1 2 10 -1 10.0 15.0 20.0 25.0 30.0 35.0 40.0 45.0 70.0 100.0 500.0
1 0 0 1 2 0 0 0.000 0.000 0.521 0.936 0.963 0.974 0.978 0.981 0.992 0.990
1 0 0 1 2 0 1 0.000 0.000 0.516 0.951 0.980 0.985 0.989 0.989 0.993 0.993
1 0 0 1 2 0 2 0.000 0.000 0.465 0.941 0.971 0.980 0.986 0.988 0.992 0.990
1 0 0 1 2 0 3 0.000 0.000 0.462 0.912 0.956 0.971 0.971 0.978 0.975 0.985
1 0 0 1 2 0 4 0.000 0.000 0.383 0.923 0.949 0.960 0.969 0.976 0.986 0.986
1 0 0 1 2 0 5 0.000 0.000 0.410 0.931 0.945 0.957 0.965 0.975 0.988 0.990
1 0 0 1 2 0 6 0.000 0.000 0.419 0.921 0.937 0.950 0.962 0.977 0.987 0.986
1 0 0 1 2 0 7 0.000 0.000 0.430 0.908 0.930 0.948 0.960 0.973 0.983 0.987
1 0 0 1 2 0 8 0.000 0.000 0.458 0.922 0.938 0.955 0.966 0.976 0.988 0.984
1 0 0 1 2 0 9 0.000 0.000 0.454 0.934 0.949 0.960 0.971 0.981 0.990 0.992
1 0 0 1 2 0 10 0.000 0.000 0.463 0.938 0.952 0.963 0.969 0.977 0.993 0.996
1 0 0 1 2 0 11 0.000 0.000 0.409 0.929 0.952 0.965 0.974 0.980 0.992 0.995
1 0 0 1 2 0 12 0.000 0.000 0.450 0.905 0.953 0.968 0.971 0.976 0.970 0.991
1 0 0 1 2 0 13 0.000 0.000 0.479 0.931 0.971 0.983 0.988 0.989 0.997 0.991
1 0 0 1 2 0 14 0.000 0.000 0.522 0.953 0.978 0.985 0.988 0.990 0.994 0.999
1 0 0 1 2 0 15 0.000 0.000 0.519 0.945 0.963 0.974 0.979 0.983 0.994 0.991
## root/medium_electron_2016/egammaEffi.txt_EGM2D_Ele23Leg1_MediumID_QMinus_hsseo_v2.root EGamma_EffData2D
ETA 1 2 16 -1 -2.5 -2.1 -1.8 -1.566 -1.444 -1.1 -0.8 -0.4 0.0 0.4 0.8 1.1 1.444 1.566 1.8 2.1 2.5
PT 1 2 10 -1 10.0 15.0 20.0 25.0 30.0 35.0 40.0 45.0 70.0 100.0 500.0
1 0 0 0 2 1 0 0.000 0.000 0.222 0.851 0.923 0.944 0.956 0.966 0.990 0.986
1 0 0 0 2 1 1 0.000 0.000 0.389 0.927 0.973 0.981 0.985 0.986 0.992 0.999
1 0 0 0 2 1 2 0.000 0.000 0.439 0.903 0.954 0.973 0.980 0.985 0.992 0.995
1 0 0 0 2 1 3 0.000 0.000 0.388 0.883 0.941 0.956 0.964 0.967 0.970 0.960
1 0 0 0 2 1 4 0.000 0.000 0.309 0.886 0.941 0.955 0.963 0.967 0.977 0.980
1 0 0 0 2 1 5 0.000 0.000 0.394 0.930 0.950 0.962 0.965 0.967 0.976 0.974
1 0 0 0 2 1 6 0.000 0.000 0.431 0.934 0.948 0.960 0.965 0.971 0.979 0.977
1 0 0 0 2 1 7 0.000 0.000 0.434 0.915 0.934 0.951 0.957 0.965 0.980 0.977
1 0 0 0 2 1 8 0.000 0.000 0.437 0.891 0.920 0.938 0.945 0.954 0.969 0.966
1 0 0 0 2 1 9 0.000 0.000 0.424 0.923 0.943 0.954 0.957 0.967 0.979 0.971
1 0 0 0 2 1 10 0.000 0.000 0.385 0.924 0.949 0.960 0.966 0.968 0.979 0.979
1 0 0 0 2 1 11 0.000 0.000 0.311 0.896 0.948 0.961 0.967 0.973 0.983 0.985
1 0 0 0 2 1 12 0.000 0.000 0.342 0.865 0.945 0.964 0.970 0.976 0.973 0.939
1 0 0 0 2 1 13 0.000 0.000 0.361 0.894 0.962 0.976 0.985 0.989 0.999 0.994
1 0 0 0 2 1 14 0.000 0.000 0.327 0.909 0.962 0.978 0.982 0.985 0.994 0.992
1 0 0 0 2 1 15 0.000 0.000 0.182 0.803 0.901 0.937 0.953 0.962 0.988 0.989
## root/medium_electron_2016/egammaEffi.txt_EGM2D_Ele23Leg1_MediumID_QMinus_hsseo_v2.root EGamma_EffMC2D
ETA 1 2 16 -1 -2.5 -2.1 -1.8 -1.566 -1.444 -1.1 -0.8 -0.4 0.0 0.4 0.8 1.1 1.444 1.566 1.8 2.1 2.5
PT 1 2 10 -1 10.0 15.0 20.0 25.0 30.0 35.0 40.0 45.0 70.0 100.0 500.0
1 0 0 1 2 1 0 0.000 0.000 0.533 0.939 0.966 0.975 0.978 0.980 0.993 0.978
1 0 0 1 2 1 1 0.000 0.000 0.521 0.957 0.982 0.985 0.988 0.990 0.995 1.000
1 0 0 1 2 1 2 0.000 0.000 0.454 0.936 0.969 0.981 0.987 0.989 0.995 0.994
1 0 0 1 2 1 3 0.000 0.000 0.468 0.921 0.955 0.970 0.971 0.978 0.967 0.991
1 0 0 1 2 1 4 0.000 0.000 0.389 0.917 0.950 0.959 0.969 0.977 0.989 0.991
1 0 0 1 2 1 5 0.000 0.000 0.415 0.932 0.950 0.961 0.967 0.975 0.990 0.989
1 0 0 1 2 1 6 0.000 0.000 0.419 0.928 0.943 0.955 0.966 0.977 0.987 0.987
1 0 0 1 2 1 7 0.000 0.000 0.445 0.922 0.939 0.954 0.965 0.975 0.985 0.981
1 0 0 1 2 1 8 0.000 0.000 0.456 0.915 0.928 0.950 0.961 0.974 0.989 0.984
1 0 0 1 2 1 9 0.000 0.000 0.447 0.933 0.942 0.955 0.967 0.980 0.993 0.991
1 0 0 1 2 1 10 0.000 0.000 0.445 0.932 0.948 0.961 0.968 0.976 0.993 0.997
1 0 0 1 2 1 11 0.000 0.000 0.399 0.925 0.952 0.964 0.974 0.979 0.986 0.990
1 0 0 1 2 1 12 0.000 0.000 0.495 0.901 0.960 0.965 0.973 0.978 0.973 0.963
1 0 0 1 2 1 13 0.000 0.000 0.447 0.934 0.969 0.983 0.987 0.991 0.995 0.997
1 0 0 1 2 1 14 0.000 0.000 0.524 0.956 0.979 0.987 0.988 0.991 0.999 0.992
1 0 0 1 2 1 15 0.000 0.000 0.537 0.941 0.964 0.973 0.978 0.984 0.986 0.987
## root/medium_electron_2016/egammaEffi.txt_EGM2D_Ele12Leg2_MediumID_QPlus_hsseo_v2.root EGamma_EffData2D
ETA 1 3 16 -1 -2.5 -2.1 -1.8 -1.566 -1.444 -1.1 -0.8 -0.4 0.0 0.4 0.8 1.1 1.444 1.566 1.8 2.1 2.5
PT 1 3 10 -1 10.0 15.0 20.0 25.0 30.0 35.0 40.0 45.0 70.0 100.0 500.0
1 0 0 0 3 0 0 0.364 0.804 0.887 0.924 0.951 0.966 0.972 0.978 0.991 0.991
1 0 0 0 3 0 1 0.436 0.876 0.952 0.971 0.980 0.986 0.987 0.988 0.993 0.998
1 0 0 0 3 0 2 0.416 0.840 0.932 0.952 0.966 0.976 0.982 0.985 0.994 0.993
1 0 0 0 3 0 3 0.333 0.850 0.928 0.942 0.961 0.967 0.968 0.971 0.975 0.944
1 0 0 0 3 0 4 0.509 0.890 0.920 0.940 0.951 0.960 0.965 0.970 0.978 0.978
1 0 0 0 3 0 5 0.602 0.930 0.930 0.943 0.958 0.964 0.968 0.967 0.980 0.976
1 0 0 0 3 0 6 0.663 0.913 0.937 0.944 0.955 0.962 0.966 0.971 0.981 0.973
1 0 0 0 3 0 7 0.651 0.882 0.911 0.922 0.940 0.955 0.958 0.966 0.977 0.977
1 0 0 0 3 0 8 0.643 0.867 0.906 0.916 0.930 0.945 0.947 0.956 0.970 0.966
1 0 0 0 3 0 9 0.644 0.918 0.936 0.942 0.953 0.960 0.962 0.967 0.976 0.976
1 0 0 0 3 0 10 0.614 0.925 0.932 0.948 0.958 0.966 0.968 0.969 0.979 0.982
1 0 0 0 3 0 11 0.510 0.894 0.926 0.945 0.958 0.966 0.971 0.974 0.986 0.986
1 0 0 0 3 0 12 0.401 0.808 0.897 0.950 0.962 0.968 0.973 0.975 0.961 0.965
1 0 0 0 3 0 13 0.383 0.824 0.936 0.958 0.971 0.981 0.986 0.988 0.997 0.996
1 0 0 0 3 0 14 0.410 0.856 0.941 0.968 0.979 0.983 0.986 0.988 0.996 0.999
1 0 0 0 3 0 15 0.323 0.760 0.827 0.893 0.941 0.962 0.969 0.973 0.993 0.996
## root/medium_electron_2016/egammaEffi.txt_EGM2D_Ele12Leg2_MediumID_QPlus_hsseo_v2.root EGamma_EffMC2D
ETA 1 3 16 -1 -2.5 -2.1 -1.8 -1.566 -1.444 -1.1 -0.8 -0.4 0.0 0.4 0.8 1.1 1.444 1.566 1.8 2.1 2.5
PT 1 3 10 -1 10.0 15.0 20.0 25.0 30.0 35.0 40.0 45.0 70.0 100.0 500.0
1 0 0 1 3 0 0 0.546 0.895 0.954 0.960 0.970 0.977 0.980 0.982 0.992 0.990
1 0 0 1 3 0 1 0.593 0.925 0.968 0.974 0.983 0.986 0.989 0.990 0.993 0.993
1 0 0 1 3 0 2 0.558 0.886 0.956 0.967 0.976 0.981 0.986 0.988 0.992 0.990
1 0 0 1 3 0 3 0.528 0.900 0.931 0.950 0.966 0.977 0.974 0.979 0.975 0.985
1 0 0 1 3 0 4 0.584 0.912 0.935 0.948 0.962 0.969 0.974 0.978 0.986 0.989
1 0 0 1 3 0 5 0.658 0.945 0.942 0.949 0.960 0.971 0.975 0.978 0.988 0.990
1 0 0 1 3 0 6 0.746 0.935 0.940 0.938 0.954 0.967 0.973 0.980 0.988 0.988
1 0 0 1 3 0 7 0.692 0.938 0.928 0.929 0.951 0.965 0.971 0.977 0.983 0.988
1 0 0 1 3 0 8 0.700 0.931 0.934 0.939 0.956 0.968 0.974 0.979 0.988 0.986
1 0 0 1 3 0 9 0.691 0.966 0.951 0.948 0.966 0.975 0.979 0.984 0.990 0.993
1 0 0 1 3 0 10 0.639 0.950 0.945 0.954 0.969 0.976 0.976 0.980 0.993 0.996
1 0 0 1 3 0 11 0.599 0.926 0.938 0.954 0.964 0.973 0.978 0.982 0.992 0.997
1 0 0 1 3 0 12 0.458 0.879 0.933 0.956 0.966 0.975 0.976 0.978 0.970 0.991
1 0 0 1 3 0 13 0.500 0.902 0.947 0.966 0.976 0.984 0.989 0.989 0.997 0.991
1 0 0 1 3 0 14 0.609 0.931 0.963 0.976 0.981 0.985 0.988 0.990 0.994 0.999
1 0 0 1 3 0 15 0.608 0.907 0.937 0.965 0.971 0.976 0.980 0.984 0.994 0.991
## root/medium_electron_2016/egammaEffi.txt_EGM2D_Ele12Leg2_MediumID_QMinus_hsseo_v2.root EGamma_EffData2D
ETA 1 3 16 -1 -2.5 -2.1 -1.8 -1.566 -1.444 -1.1 -0.8 -0.4 0.0 0.4 0.8 1.1 1.444 1.566 1.8 2.1 2.5
PT 1 3 10 -1 10.0 15.0 20.0 25.0 30.0 35.0 40.0 45.0 70.0 100.0 500.0
1 0 0 0 3 1 0 0.375 0.778 0.888 0.923 0.951 0.964 0.970 0.976 0.992 0.992
1 0 0 0 3 1 1 0.458 0.876 0.950 0.972 0.981 0.985 0.987 0.988 0.993 0.999
1 0 0 0 3 1 2 0.412 0.826 0.928 0.954 0.965 0.976 0.982 0.986 0.993 0.995
1 0 0 0 3 1 3 0.455 0.811 0.919 0.948 0.956 0.962 0.967 0.969 0.971 0.960
1 0 0 0 3 1 4 0.530 0.868 0.922 0.935 0.952 0.960 0.965 0.969 0.979 0.982
1 0 0 0 3 1 5 0.590 0.926 0.932 0.948 0.958 0.967 0.968 0.968 0.978 0.976
1 0 0 0 3 1 6 0.667 0.920 0.942 0.948 0.954 0.963 0.966 0.971 0.979 0.978
1 0 0 0 3 1 7 0.648 0.892 0.912 0.930 0.940 0.954 0.958 0.965 0.980 0.978
1 0 0 0 3 1 8 0.636 0.872 0.891 0.909 0.928 0.943 0.948 0.955 0.970 0.969
1 0 0 0 3 1 9 0.666 0.917 0.938 0.939 0.950 0.960 0.961 0.968 0.979 0.974
1 0 0 0 3 1 10 0.617 0.915 0.934 0.946 0.956 0.964 0.969 0.969 0.979 0.981
1 0 0 0 3 1 11 0.481 0.890 0.929 0.947 0.957 0.965 0.970 0.974 0.989 0.986
1 0 0 0 3 1 12 0.357 0.871 0.907 0.944 0.962 0.970 0.972 0.977 0.973 0.939
1 0 0 0 3 1 13 0.383 0.816 0.933 0.965 0.975 0.980 0.987 0.990 0.999 0.995
1 0 0 0 3 1 14 0.384 0.876 0.948 0.970 0.978 0.985 0.986 0.987 0.996 0.998
1 0 0 0 3 1 15 0.330 0.740 0.841 0.893 0.936 0.960 0.968 0.973 0.991 0.992
## root/medium_electron_2016/egammaEffi.txt_EGM2D_Ele12Leg2_MediumID_QMinus_hsseo_v2.root EGamma_EffMC2D
ETA 1 3 16 -1 -2.5 -2.1 -1.8 -1.566 -1.444 -1.1 -0.8 -0.4 0.0 0.4 0.8 1.1 1.444 1.566 1.8 2.1 2.5
PT 1 3 10 -1 10.0 15.0 20.0 25.0 30.0 35.0 40.0 45.0 70.0 100.0 500.0
1 0 0 1 3 1 0 0.575 0.900 0.947 0.959 0.975 0.979 0.980 0.981 0.993 0.978
1 0 0 1 3 1 1 0.632 0.901 0.959 0.976 0.985 0.986 0.989 0.990 0.995 1.000
1 0 0 1 3 1 2 0.534 0.895 0.955 0.967 0.974 0.982 0.987 0.989 0.995 0.997
1 0 0 1 3 1 3 0.557 0.874 0.929 0.960 0.967 0.977 0.975 0.979 0.967 0.991
1 0 0 1 3 1 4 0.583 0.914 0.942 0.950 0.961 0.968 0.974 0.979 0.989 0.992
1 0 0 1 3 1 5 0.665 0.947 0.945 0.951 0.966 0.974 0.975 0.978 0.990 0.991
1 0 0 1 3 1 6 0.743 0.944 0.945 0.944 0.959 0.969 0.975 0.980 0.987 0.992
1 0 0 1 3 1 7 0.686 0.932 0.934 0.939 0.956 0.967 0.972 0.977 0.985 0.983
1 0 0 1 3 1 8 0.741 0.932 0.930 0.933 0.951 0.967 0.972 0.978 0.989 0.988
1 0 0 1 3 1 9 0.755 0.954 0.943 0.947 0.960 0.971 0.977 0.984 0.993 0.994
1 0 0 1 3 1 10 0.699 0.944 0.945 0.950 0.965 0.976 0.977 0.979 0.993 0.998
1 0 0 1 3 1 11 0.640 0.925 0.941 0.953 0.965 0.973 0.978 0.981 0.986 0.990
1 0 0 1 3 1 12 0.507 0.886 0.936 0.952 0.973 0.973 0.977 0.979 0.973 0.963
1 0 0 1 3 1 13 0.519 0.889 0.951 0.968 0.974 0.983 0.987 0.991 0.995 0.997
1 0 0 1 3 1 14 0.620 0.929 0.956 0.973 0.982 0.987 0.988 0.991 0.999 0.994
1 0 0 1 3 1 15 0.604 0.907 0.942 0.964 0.972 0.976 0.979 0.984 0.986 0.992
