## root/medium_electron_2017/egammaEffi.txt_EGM2D_MediumID_QPlus_hsseo_v2.root EGamma_EffData2D
ETA 1 0 16 -1 -2.5 -2.1 -1.8 -1.566 -1.444 -1.1 -0.8 -0.4 0.0 0.4 0.8 1.1 1.444 1.566 1.8 2.1 2.5
PT 1 0 10 -1 10.0 15.0 20.0 25.0 30.0 35.0 40.0 45.0 70.0 100.0 500.0
1 0 0 0 0 0 0 0.461 0.558 0.587 0.651 0.698 0.747 0.778 0.809 0.864 0.902
1 0 0 0 0 0 1 0.595 0.643 0.669 0.724 0.764 0.802 0.832 0.851 0.896 0.909
1 0 0 0 0 0 2 0.585 0.655 0.693 0.724 0.775 0.821 0.852 0.868 0.895 0.927
1 0 0 0 0 0 3 0.547 0.486 0.429 0.506 0.589 0.655 0.719 0.726 0.709 0.752
1 0 0 0 0 0 4 0.487 0.567 0.601 0.662 0.705 0.758 0.803 0.832 0.873 0.899
1 0 0 0 0 0 5 0.479 0.578 0.640 0.688 0.754 0.802 0.840 0.866 0.897 0.918
1 0 0 0 0 0 6 0.499 0.587 0.628 0.683 0.743 0.795 0.833 0.859 0.883 0.912
1 0 0 0 0 0 7 0.438 0.582 0.637 0.707 0.758 0.804 0.842 0.866 0.892 0.926
1 0 0 0 0 0 8 0.453 0.611 0.661 0.718 0.769 0.814 0.849 0.869 0.890 0.922
1 0 0 0 0 0 9 0.479 0.618 0.643 0.691 0.756 0.803 0.842 0.864 0.890 0.917
1 0 0 0 0 0 10 0.505 0.629 0.642 0.707 0.755 0.808 0.845 0.868 0.897 0.937
1 0 0 0 0 0 11 0.484 0.573 0.577 0.648 0.705 0.758 0.802 0.831 0.866 0.904
1 0 0 0 0 0 12 0.479 0.484 0.425 0.512 0.591 0.643 0.711 0.724 0.722 0.789
1 0 0 0 0 0 13 0.606 0.675 0.655 0.705 0.779 0.817 0.847 0.866 0.888 0.923
1 0 0 0 0 0 14 0.608 0.666 0.672 0.712 0.759 0.807 0.834 0.856 0.897 0.918
1 0 0 0 0 0 15 0.508 0.557 0.597 0.660 0.709 0.749 0.779 0.809 0.864 0.892
## root/medium_electron_2017/egammaEffi.txt_EGM2D_MediumID_QPlus_hsseo_v2.root EGamma_EffMC2D
ETA 1 0 16 -1 -2.5 -2.1 -1.8 -1.566 -1.444 -1.1 -0.8 -0.4 0.0 0.4 0.8 1.1 1.444 1.566 1.8 2.1 2.5
PT 1 0 10 -1 10.0 15.0 20.0 25.0 30.0 35.0 40.0 45.0 70.0 100.0 500.0
1 0 0 1 0 0 0 0.520 0.625 0.645 0.704 0.756 0.802 0.831 0.855 0.886 0.892
1 0 0 1 0 0 1 0.617 0.719 0.726 0.763 0.808 0.841 0.868 0.886 0.912 0.926
1 0 0 1 0 0 2 0.632 0.702 0.717 0.762 0.817 0.850 0.879 0.892 0.913 0.917
1 0 0 1 0 0 3 0.456 0.508 0.427 0.505 0.595 0.660 0.728 0.738 0.699 0.792
1 0 0 1 0 0 4 0.448 0.574 0.626 0.678 0.736 0.790 0.837 0.865 0.892 0.910
1 0 0 1 0 0 5 0.477 0.599 0.662 0.726 0.776 0.830 0.871 0.891 0.911 0.942
1 0 0 1 0 0 6 0.454 0.599 0.653 0.714 0.772 0.824 0.863 0.886 0.906 0.912
1 0 0 1 0 0 7 0.424 0.591 0.677 0.738 0.790 0.837 0.874 0.896 0.902 0.926
1 0 0 1 0 0 8 0.424 0.599 0.684 0.746 0.799 0.844 0.878 0.898 0.915 0.933
1 0 0 1 0 0 9 0.463 0.601 0.663 0.721 0.782 0.828 0.868 0.890 0.903 0.931
1 0 0 1 0 0 10 0.475 0.623 0.662 0.722 0.781 0.834 0.871 0.894 0.920 0.933
1 0 0 1 0 0 11 0.462 0.570 0.622 0.681 0.736 0.792 0.836 0.863 0.893 0.899
1 0 0 1 0 0 12 0.415 0.550 0.455 0.518 0.598 0.666 0.732 0.739 0.639 0.764
1 0 0 1 0 0 13 0.638 0.707 0.693 0.770 0.811 0.850 0.875 0.895 0.908 0.931
1 0 0 1 0 0 14 0.639 0.709 0.710 0.775 0.814 0.847 0.874 0.891 0.921 0.924
1 0 0 1 0 0 15 0.514 0.617 0.654 0.709 0.761 0.800 0.836 0.859 0.889 0.903
## root/medium_electron_2017/egammaEffi.txt_EGM2D_MediumID_QMinus_hsseo_v2.root EGamma_EffData2D
ETA 1 0 16 -1 -2.5 -2.1 -1.8 -1.566 -1.444 -1.1 -0.8 -0.4 0.0 0.4 0.8 1.1 1.444 1.566 1.8 2.1 2.5
PT 1 0 10 -1 10.0 15.0 20.0 25.0 30.0 35.0 40.0 45.0 70.0 100.0 500.0
1 0 0 0 0 1 0 0.471 0.562 0.593 0.646 0.707 0.745 0.776 0.805 0.858 0.893
1 0 0 0 0 1 1 0.593 0.627 0.665 0.705 0.757 0.802 0.832 0.850 0.883 0.911
1 0 0 0 0 1 2 0.594 0.669 0.679 0.734 0.778 0.822 0.850 0.868 0.901 0.916
1 0 0 0 0 1 3 0.476 0.511 0.434 0.503 0.588 0.656 0.713 0.732 0.746 0.798
1 0 0 0 0 1 4 0.500 0.557 0.594 0.656 0.712 0.760 0.807 0.833 0.865 0.913
1 0 0 0 0 1 5 0.503 0.600 0.632 0.699 0.755 0.801 0.842 0.867 0.888 0.929
1 0 0 0 0 1 6 0.455 0.594 0.641 0.690 0.744 0.796 0.835 0.858 0.874 0.910
1 0 0 0 0 1 7 0.478 0.591 0.658 0.712 0.763 0.807 0.844 0.865 0.890 0.923
1 0 0 0 0 1 8 0.466 0.588 0.654 0.705 0.761 0.810 0.847 0.868 0.890 0.915
1 0 0 0 0 1 9 0.478 0.586 0.640 0.692 0.752 0.800 0.840 0.866 0.895 0.930
1 0 0 0 0 1 10 0.517 0.605 0.645 0.694 0.756 0.806 0.844 0.867 0.902 0.926
1 0 0 0 0 1 11 0.498 0.584 0.578 0.641 0.697 0.754 0.799 0.829 0.872 0.906
1 0 0 0 0 1 12 0.478 0.473 0.377 0.476 0.587 0.649 0.702 0.722 0.701 0.761
1 0 0 0 0 1 13 0.638 0.670 0.678 0.715 0.782 0.815 0.849 0.866 0.902 0.925
1 0 0 0 0 1 14 0.577 0.670 0.672 0.710 0.766 0.805 0.833 0.857 0.867 0.911
1 0 0 0 0 1 15 0.485 0.554 0.603 0.663 0.708 0.747 0.779 0.814 0.863 0.913
## root/medium_electron_2017/egammaEffi.txt_EGM2D_MediumID_QMinus_hsseo_v2.root EGamma_EffMC2D
ETA 1 0 16 -1 -2.5 -2.1 -1.8 -1.566 -1.444 -1.1 -0.8 -0.4 0.0 0.4 0.8 1.1 1.444 1.566 1.8 2.1 2.5
PT 1 0 10 -1 10.0 15.0 20.0 25.0 30.0 35.0 40.0 45.0 70.0 100.0 500.0
1 0 0 1 0 1 0 0.498 0.635 0.644 0.707 0.757 0.801 0.831 0.854 0.897 0.883
1 0 0 1 0 1 1 0.621 0.724 0.706 0.760 0.809 0.842 0.869 0.889 0.912 0.915
1 0 0 1 0 1 2 0.624 0.681 0.715 0.768 0.813 0.848 0.876 0.894 0.900 0.922
1 0 0 1 0 1 3 0.404 0.536 0.432 0.523 0.579 0.666 0.722 0.742 0.705 0.751
1 0 0 1 0 1 4 0.461 0.590 0.630 0.692 0.745 0.794 0.841 0.867 0.898 0.928
1 0 0 1 0 1 5 0.482 0.612 0.666 0.729 0.786 0.832 0.872 0.893 0.911 0.931
1 0 0 1 0 1 6 0.475 0.600 0.657 0.717 0.775 0.826 0.864 0.887 0.910 0.917
1 0 0 1 0 1 7 0.398 0.578 0.674 0.741 0.796 0.840 0.877 0.897 0.918 0.925
1 0 0 1 0 1 8 0.414 0.596 0.677 0.737 0.795 0.841 0.876 0.897 0.919 0.938
1 0 0 1 0 1 9 0.485 0.586 0.662 0.715 0.777 0.827 0.865 0.890 0.919 0.917
1 0 0 1 0 1 10 0.481 0.606 0.660 0.717 0.775 0.830 0.868 0.891 0.906 0.945
1 0 0 1 0 1 11 0.435 0.569 0.620 0.676 0.731 0.788 0.834 0.861 0.891 0.922
1 0 0 1 0 1 12 0.415 0.498 0.451 0.515 0.594 0.666 0.728 0.739 0.730 0.802
1 0 0 1 0 1 13 0.608 0.693 0.694 0.758 0.812 0.850 0.879 0.895 0.903 0.935
1 0 0 1 0 1 14 0.649 0.706 0.725 0.769 0.811 0.848 0.875 0.891 0.906 0.942
1 0 0 1 0 1 15 0.474 0.623 0.663 0.707 0.762 0.806 0.834 0.856 0.893 0.919
## root/medium_electron_2017/egammaEffi.txt_EGM2D_Ele32_MediumID_QPlus_hsseo_v2.root EGamma_EffData2D
ETA 1 1 16 -1 -2.5 -2.1 -1.8 -1.566 -1.444 -1.1 -0.8 -0.4 0.0 0.4 0.8 1.1 1.444 1.566 1.8 2.1 2.5
PT 1 1 10 -1 10.0 15.0 20.0 25.0 30.0 35.0 40.0 45.0 70.0 100.0 500.0
1 0 0 0 1 0 0 0.000 0.000 0.000 0.000 0.194 0.673 0.766 0.797 0.854 0.877
1 0 0 0 1 0 1 0.000 0.000 0.000 0.000 0.262 0.771 0.813 0.836 0.872 0.903
1 0 0 0 1 0 2 0.000 0.000 0.000 0.000 0.305 0.769 0.816 0.842 0.875 0.884
1 0 0 0 1 0 3 0.000 0.000 0.000 0.000 0.404 0.752 0.797 0.807 0.839 0.828
1 0 0 0 1 0 4 0.000 0.000 0.000 0.000 0.276 0.774 0.814 0.837 0.882 0.907
1 0 0 0 1 0 5 0.000 0.000 0.000 0.000 0.366 0.841 0.859 0.869 0.899 0.923
1 0 0 0 1 0 6 0.000 0.000 0.000 0.000 0.400 0.839 0.856 0.872 0.903 0.913
1 0 0 0 1 0 7 0.000 0.000 0.000 0.000 0.384 0.826 0.841 0.858 0.892 0.915
1 0 0 0 1 0 8 0.000 0.000 0.000 0.000 0.380 0.813 0.828 0.840 0.871 0.893
1 0 0 0 1 0 9 0.000 0.000 0.000 0.000 0.378 0.817 0.831 0.846 0.874 0.891
1 0 0 0 1 0 10 0.000 0.000 0.000 0.000 0.325 0.814 0.837 0.849 0.887 0.902
1 0 0 0 1 0 11 0.000 0.000 0.000 0.000 0.257 0.743 0.791 0.812 0.857 0.897
1 0 0 0 1 0 12 0.000 0.000 0.000 0.000 0.357 0.739 0.784 0.806 0.879 0.829
1 0 0 0 1 0 13 0.000 0.000 0.000 0.000 0.276 0.768 0.826 0.850 0.885 0.908
1 0 0 0 1 0 14 0.000 0.000 0.000 0.000 0.222 0.736 0.805 0.821 0.870 0.882
1 0 0 0 1 0 15 0.000 0.000 0.000 0.000 0.176 0.633 0.739 0.777 0.850 0.877
## root/medium_electron_2017/egammaEffi.txt_EGM2D_Ele32_MediumID_QPlus_hsseo_v2.root EGamma_EffMC2D
ETA 1 1 16 -1 -2.5 -2.1 -1.8 -1.566 -1.444 -1.1 -0.8 -0.4 0.0 0.4 0.8 1.1 1.444 1.566 1.8 2.1 2.5
PT 1 1 10 -1 10.0 15.0 20.0 25.0 30.0 35.0 40.0 45.0 70.0 100.0 500.0
1 0 0 1 1 0 0 0.000 0.000 0.000 0.000 0.493 0.814 0.841 0.874 0.927 0.931
1 0 0 1 1 0 1 0.000 0.000 0.000 0.000 0.536 0.854 0.871 0.893 0.920 0.941
1 0 0 1 1 0 2 0.000 0.000 0.000 0.000 0.506 0.849 0.875 0.896 0.920 0.937
1 0 0 1 1 0 3 0.000 0.000 0.000 0.000 0.542 0.810 0.831 0.856 0.862 0.880
1 0 0 1 1 0 4 0.000 0.000 0.000 0.000 0.433 0.826 0.850 0.882 0.910 0.935
1 0 0 1 1 0 5 0.000 0.000 0.000 0.000 0.496 0.883 0.895 0.910 0.943 0.955
1 0 0 1 1 0 6 0.000 0.000 0.000 0.000 0.501 0.877 0.892 0.910 0.931 0.942
1 0 0 1 1 0 7 0.000 0.000 0.000 0.000 0.490 0.880 0.891 0.906 0.923 0.943
1 0 0 1 1 0 8 0.000 0.000 0.000 0.000 0.473 0.872 0.883 0.900 0.921 0.935
1 0 0 1 1 0 9 0.000 0.000 0.000 0.000 0.464 0.873 0.884 0.902 0.923 0.935
1 0 0 1 1 0 10 0.000 0.000 0.000 0.000 0.441 0.868 0.880 0.900 0.935 0.950
1 0 0 1 1 0 11 0.000 0.000 0.000 0.000 0.378 0.803 0.831 0.862 0.910 0.926
1 0 0 1 1 0 12 0.000 0.000 0.000 0.000 0.486 0.808 0.832 0.856 0.904 0.890
1 0 0 1 1 0 13 0.000 0.000 0.000 0.000 0.478 0.860 0.885 0.906 0.925 0.943
1 0 0 1 1 0 14 0.000 0.000 0.000 0.000 0.499 0.851 0.868 0.891 0.910 0.948
1 0 0 1 1 0 15 0.000 0.000 0.000 0.000 0.478 0.815 0.837 0.875 0.925 0.947
## root/medium_electron_2017/egammaEffi.txt_EGM2D_Ele32_MediumID_QMinus_hsseo_v2.root EGamma_EffData2D
ETA 1 1 16 -1 -2.5 -2.1 -1.8 -1.566 -1.444 -1.1 -0.8 -0.4 0.0 0.4 0.8 1.1 1.444 1.566 1.8 2.1 2.5
PT 1 1 10 -1 10.0 15.0 20.0 25.0 30.0 35.0 40.0 45.0 70.0 100.0 500.0
1 0 0 0 1 1 0 0.000 0.000 0.000 0.000 0.195 0.676 0.763 0.797 0.858 0.881
1 0 0 0 1 1 1 0.000 0.000 0.000 0.000 0.264 0.772 0.812 0.836 0.882 0.907
1 0 0 0 1 1 2 0.000 0.000 0.000 0.000 0.304 0.772 0.819 0.839 0.879 0.886
1 0 0 0 1 1 3 0.000 0.000 0.000 0.000 0.410 0.755 0.798 0.816 0.865 0.838
1 0 0 0 1 1 4 0.000 0.000 0.000 0.000 0.273 0.773 0.812 0.837 0.882 0.906
1 0 0 0 1 1 5 0.000 0.000 0.000 0.000 0.363 0.839 0.860 0.871 0.902 0.923
1 0 0 0 1 1 6 0.000 0.000 0.000 0.000 0.402 0.840 0.857 0.871 0.899 0.919
1 0 0 0 1 1 7 0.000 0.000 0.000 0.000 0.380 0.827 0.842 0.859 0.890 0.905
1 0 0 0 1 1 8 0.000 0.000 0.000 0.000 0.378 0.813 0.826 0.842 0.870 0.895
1 0 0 0 1 1 9 0.000 0.000 0.000 0.000 0.379 0.815 0.831 0.844 0.871 0.898
1 0 0 0 1 1 10 0.000 0.000 0.000 0.000 0.333 0.814 0.838 0.849 0.885 0.898
1 0 0 0 1 1 11 0.000 0.000 0.000 0.000 0.257 0.748 0.785 0.813 0.859 0.884
1 0 0 0 1 1 12 0.000 0.000 0.000 0.000 0.366 0.734 0.784 0.806 0.821 0.834
1 0 0 0 1 1 13 0.000 0.000 0.000 0.000 0.276 0.769 0.825 0.847 0.892 0.892
1 0 0 0 1 1 14 0.000 0.000 0.000 0.000 0.228 0.732 0.802 0.819 0.866 0.902
1 0 0 0 1 1 15 0.000 0.000 0.000 0.000 0.170 0.631 0.737 0.769 0.833 0.867
## root/medium_electron_2017/egammaEffi.txt_EGM2D_Ele32_MediumID_QMinus_hsseo_v2.root EGamma_EffMC2D
ETA 1 1 16 -1 -2.5 -2.1 -1.8 -1.566 -1.444 -1.1 -0.8 -0.4 0.0 0.4 0.8 1.1 1.444 1.566 1.8 2.1 2.5
PT 1 1 10 -1 10.0 15.0 20.0 25.0 30.0 35.0 40.0 45.0 70.0 100.0 500.0
1 0 0 1 1 1 0 0.000 0.000 0.000 0.000 0.502 0.813 0.833 0.873 0.906 0.914
1 0 0 1 1 1 1 0.000 0.000 0.000 0.000 0.542 0.854 0.870 0.892 0.918 0.932
1 0 0 1 1 1 2 0.000 0.000 0.000 0.000 0.498 0.853 0.872 0.897 0.915 0.940
1 0 0 1 1 1 3 0.000 0.000 0.000 0.000 0.519 0.812 0.838 0.857 0.878 0.839
1 0 0 1 1 1 4 0.000 0.000 0.000 0.000 0.423 0.829 0.852 0.880 0.916 0.935
1 0 0 1 1 1 5 0.000 0.000 0.000 0.000 0.484 0.885 0.898 0.911 0.936 0.956
1 0 0 1 1 1 6 0.000 0.000 0.000 0.000 0.501 0.881 0.893 0.913 0.931 0.944
1 0 0 1 1 1 7 0.000 0.000 0.000 0.000 0.487 0.880 0.890 0.906 0.929 0.938
1 0 0 1 1 1 8 0.000 0.000 0.000 0.000 0.474 0.871 0.881 0.899 0.913 0.932
1 0 0 1 1 1 9 0.000 0.000 0.000 0.000 0.470 0.874 0.885 0.903 0.924 0.935
1 0 0 1 1 1 10 0.000 0.000 0.000 0.000 0.452 0.868 0.885 0.899 0.925 0.938
1 0 0 1 1 1 11 0.000 0.000 0.000 0.000 0.383 0.802 0.830 0.862 0.908 0.923
1 0 0 1 1 1 12 0.000 0.000 0.000 0.000 0.491 0.804 0.832 0.858 0.851 0.834
1 0 0 1 1 1 13 0.000 0.000 0.000 0.000 0.483 0.860 0.883 0.903 0.931 0.956
1 0 0 1 1 1 14 0.000 0.000 0.000 0.000 0.508 0.845 0.869 0.892 0.920 0.947
1 0 0 1 1 1 15 0.000 0.000 0.000 0.000 0.481 0.821 0.842 0.879 0.905 0.928
## root/medium_electron_2017/egammaEffi.txt_EGM2D_Ele23Leg1_MediumID_QPlus_hsseo_v2.root EGamma_EffData2D
ETA 1 2 16 -1 -2.5 -2.1 -1.8 -1.566 -1.444 -1.1 -0.8 -0.4 0.0 0.4 0.8 1.1 1.444 1.566 1.8 2.1 2.5
PT 1 2 10 -1 10.0 15.0 20.0 25.0 30.0 35.0 40.0 45.0 70.0 100.0 500.0
1 0 0 0 2 0 0 0.000 0.000 0.114 0.694 0.835 0.883 0.912 0.934 0.969 0.969
1 0 0 0 2 0 1 0.000 0.000 0.103 0.749 0.918 0.947 0.959 0.968 0.976 0.974
1 0 0 0 2 0 2 0.000 0.000 0.102 0.688 0.888 0.932 0.950 0.958 0.969 0.968
1 0 0 0 2 0 3 0.000 0.000 0.240 0.733 0.902 0.928 0.925 0.922 0.929 0.923
1 0 0 0 2 0 4 0.000 0.000 0.071 0.655 0.886 0.913 0.925 0.935 0.958 0.962
1 0 0 0 2 0 5 0.000 0.000 0.171 0.836 0.913 0.925 0.934 0.941 0.965 0.969
1 0 0 0 2 0 6 0.000 0.000 0.208 0.873 0.913 0.921 0.932 0.951 0.971 0.968
1 0 0 0 2 0 7 0.000 0.000 0.227 0.854 0.887 0.911 0.922 0.943 0.969 0.972
1 0 0 0 2 0 8 0.000 0.000 0.228 0.854 0.891 0.908 0.920 0.935 0.954 0.960
1 0 0 0 2 0 9 0.000 0.000 0.211 0.867 0.908 0.916 0.923 0.940 0.955 0.955
1 0 0 0 2 0 10 0.000 0.000 0.153 0.829 0.910 0.923 0.931 0.938 0.959 0.960
1 0 0 0 2 0 11 0.000 0.000 0.066 0.652 0.866 0.894 0.906 0.920 0.935 0.952
1 0 0 0 2 0 12 0.000 0.000 0.179 0.740 0.905 0.929 0.924 0.930 0.945 0.916
1 0 0 0 2 0 13 0.000 0.000 0.088 0.666 0.892 0.942 0.957 0.968 0.978 0.973
1 0 0 0 2 0 14 0.000 0.000 0.075 0.649 0.878 0.929 0.948 0.958 0.979 0.976
1 0 0 0 2 0 15 0.000 0.000 0.091 0.575 0.762 0.835 0.878 0.916 0.964 0.966
## root/medium_electron_2017/egammaEffi.txt_EGM2D_Ele23Leg1_MediumID_QPlus_hsseo_v2.root EGamma_EffMC2D
ETA 1 2 16 -1 -2.5 -2.1 -1.8 -1.566 -1.444 -1.1 -0.8 -0.4 0.0 0.4 0.8 1.1 1.444 1.566 1.8 2.1 2.5
PT 1 2 10 -1 10.0 15.0 20.0 25.0 30.0 35.0 40.0 45.0 70.0 100.0 500.0
1 0 0 1 2 0 0 0.000 0.000 0.413 0.912 0.934 0.946 0.962 0.979 0.988 0.992
1 0 0 1 2 0 1 0.000 0.000 0.377 0.934 0.972 0.982 0.985 0.989 0.996 0.999
1 0 0 1 2 0 2 0.000 0.000 0.321 0.901 0.958 0.972 0.978 0.983 0.989 0.986
1 0 0 1 2 0 3 0.000 0.000 0.383 0.876 0.939 0.940 0.942 0.947 0.943 0.946
1 0 0 1 2 0 4 0.000 0.000 0.179 0.807 0.913 0.927 0.939 0.955 0.968 0.980
1 0 0 1 2 0 5 0.000 0.000 0.289 0.898 0.937 0.943 0.954 0.966 0.985 0.988
1 0 0 1 2 0 6 0.000 0.000 0.328 0.904 0.925 0.935 0.948 0.969 0.981 0.978
1 0 0 1 2 0 7 0.000 0.000 0.332 0.892 0.913 0.933 0.947 0.967 0.981 0.984
1 0 0 1 2 0 8 0.000 0.000 0.323 0.902 0.922 0.936 0.948 0.968 0.982 0.985
1 0 0 1 2 0 9 0.000 0.000 0.309 0.910 0.933 0.942 0.952 0.972 0.985 0.988
1 0 0 1 2 0 10 0.000 0.000 0.266 0.893 0.935 0.944 0.955 0.967 0.983 0.988
1 0 0 1 2 0 11 0.000 0.000 0.162 0.778 0.893 0.909 0.922 0.941 0.964 0.965
1 0 0 1 2 0 12 0.000 0.000 0.325 0.871 0.945 0.941 0.947 0.951 0.968 0.966
1 0 0 1 2 0 13 0.000 0.000 0.287 0.898 0.959 0.978 0.983 0.987 0.991 0.991
1 0 0 1 2 0 14 0.000 0.000 0.354 0.929 0.971 0.981 0.985 0.989 0.992 0.998
1 0 0 1 2 0 15 0.000 0.000 0.402 0.915 0.937 0.944 0.960 0.979 0.993 0.994
## root/medium_electron_2017/egammaEffi.txt_EGM2D_Ele23Leg1_MediumID_QMinus_hsseo_v2.root EGamma_EffData2D
ETA 1 2 16 -1 -2.5 -2.1 -1.8 -1.566 -1.444 -1.1 -0.8 -0.4 0.0 0.4 0.8 1.1 1.444 1.566 1.8 2.1 2.5
PT 1 2 10 -1 10.0 15.0 20.0 25.0 30.0 35.0 40.0 45.0 70.0 100.0 500.0
1 0 0 0 2 1 0 0.000 0.000 0.115 0.688 0.833 0.885 0.910 0.934 0.976 0.970
1 0 0 0 2 1 1 0.000 0.000 0.116 0.737 0.909 0.949 0.958 0.968 0.982 0.975
1 0 0 0 2 1 2 0.000 0.000 0.103 0.683 0.890 0.932 0.950 0.960 0.971 0.975
1 0 0 0 2 1 3 0.000 0.000 0.221 0.737 0.906 0.927 0.925 0.928 0.952 0.921
1 0 0 0 2 1 4 0.000 0.000 0.071 0.660 0.886 0.916 0.926 0.936 0.957 0.964
1 0 0 0 2 1 5 0.000 0.000 0.170 0.845 0.916 0.926 0.935 0.944 0.962 0.969
1 0 0 0 2 1 6 0.000 0.000 0.212 0.876 0.918 0.926 0.936 0.951 0.968 0.975
1 0 0 0 2 1 7 0.000 0.000 0.229 0.865 0.897 0.917 0.927 0.946 0.965 0.967
1 0 0 0 2 1 8 0.000 0.000 0.233 0.851 0.880 0.899 0.913 0.933 0.956 0.961
1 0 0 0 2 1 9 0.000 0.000 0.209 0.868 0.902 0.910 0.920 0.938 0.958 0.961
1 0 0 0 2 1 10 0.000 0.000 0.157 0.826 0.911 0.919 0.929 0.940 0.955 0.959
1 0 0 0 2 1 11 0.000 0.000 0.066 0.654 0.867 0.895 0.905 0.920 0.946 0.950
1 0 0 0 2 1 12 0.000 0.000 0.209 0.732 0.903 0.927 0.926 0.928 0.951 0.923
1 0 0 0 2 1 13 0.000 0.000 0.087 0.654 0.889 0.942 0.957 0.966 0.977 0.975
1 0 0 0 2 1 14 0.000 0.000 0.069 0.660 0.869 0.925 0.949 0.960 0.978 0.971
1 0 0 0 2 1 15 0.000 0.000 0.090 0.562 0.760 0.832 0.879 0.915 0.956 0.961
## root/medium_electron_2017/egammaEffi.txt_EGM2D_Ele23Leg1_MediumID_QMinus_hsseo_v2.root EGamma_EffMC2D
ETA 1 2 16 -1 -2.5 -2.1 -1.8 -1.566 -1.444 -1.1 -0.8 -0.4 0.0 0.4 0.8 1.1 1.444 1.566 1.8 2.1 2.5
PT 1 2 10 -1 10.0 15.0 20.0 25.0 30.0 35.0 40.0 45.0 70.0 100.0 500.0
1 0 0 1 2 1 0 0.000 0.000 0.410 0.915 0.935 0.945 0.959 0.979 0.988 0.985
1 0 0 1 2 1 1 0.000 0.000 0.376 0.933 0.972 0.982 0.987 0.989 0.995 0.994
1 0 0 1 2 1 2 0.000 0.000 0.316 0.901 0.957 0.974 0.981 0.984 0.989 0.992
1 0 0 1 2 1 3 0.000 0.000 0.382 0.866 0.939 0.937 0.943 0.947 0.941 0.915
1 0 0 1 2 1 4 0.000 0.000 0.180 0.807 0.914 0.927 0.939 0.955 0.969 0.973
1 0 0 1 2 1 5 0.000 0.000 0.282 0.899 0.938 0.945 0.955 0.968 0.983 0.990
1 0 0 1 2 1 6 0.000 0.000 0.329 0.910 0.933 0.941 0.950 0.971 0.981 0.982
1 0 0 1 2 1 7 0.000 0.000 0.332 0.900 0.924 0.939 0.952 0.969 0.982 0.989
1 0 0 1 2 1 8 0.000 0.000 0.321 0.888 0.912 0.931 0.943 0.966 0.977 0.983
1 0 0 1 2 1 9 0.000 0.000 0.306 0.904 0.926 0.936 0.949 0.970 0.982 0.987
1 0 0 1 2 1 10 0.000 0.000 0.267 0.889 0.932 0.943 0.953 0.967 0.982 0.991
1 0 0 1 2 1 11 0.000 0.000 0.167 0.782 0.891 0.907 0.921 0.941 0.962 0.965
1 0 0 1 2 1 12 0.000 0.000 0.350 0.867 0.942 0.944 0.937 0.950 0.945 0.922
1 0 0 1 2 1 13 0.000 0.000 0.290 0.900 0.960 0.976 0.983 0.987 0.991 0.999
1 0 0 1 2 1 14 0.000 0.000 0.346 0.928 0.972 0.980 0.986 0.989 0.995 0.994
1 0 0 1 2 1 15 0.000 0.000 0.390 0.913 0.933 0.948 0.960 0.980 0.994 0.994
## root/medium_electron_2017/egammaEffi.txt_EGM2D_Ele12Leg2_MediumID_QPlus_hsseo_v2.root EGamma_EffData2D
ETA 1 3 16 -1 -2.5 -2.1 -1.8 -1.566 -1.444 -1.1 -0.8 -0.4 0.0 0.4 0.8 1.1 1.444 1.566 1.8 2.1 2.5
PT 1 3 10 -1 10.0 15.0 20.0 25.0 30.0 35.0 40.0 45.0 70.0 100.0 500.0
1 0 0 0 3 0 0 0.258 0.690 0.795 0.849 0.894 0.924 0.941 0.953 0.975 0.970
1 0 0 0 3 0 1 0.321 0.813 0.919 0.948 0.961 0.963 0.967 0.974 0.978 0.982
1 0 0 0 3 0 2 0.312 0.811 0.908 0.940 0.939 0.946 0.955 0.963 0.971 0.973
1 0 0 0 3 0 3 0.391 0.858 0.901 0.926 0.927 0.934 0.932 0.928 0.929 0.925
1 0 0 0 3 0 4 0.390 0.823 0.902 0.906 0.917 0.926 0.936 0.941 0.958 0.965
1 0 0 0 3 0 5 0.492 0.897 0.911 0.918 0.931 0.944 0.951 0.950 0.966 0.972
1 0 0 0 3 0 6 0.594 0.925 0.920 0.921 0.933 0.945 0.951 0.960 0.971 0.971
1 0 0 0 3 0 7 0.612 0.907 0.898 0.897 0.915 0.937 0.941 0.951 0.969 0.974
1 0 0 0 3 0 8 0.624 0.909 0.897 0.900 0.916 0.932 0.935 0.942 0.955 0.963
1 0 0 0 3 0 9 0.590 0.919 0.915 0.913 0.927 0.937 0.940 0.947 0.956 0.957
1 0 0 0 3 0 10 0.495 0.900 0.915 0.914 0.925 0.940 0.946 0.946 0.960 0.962
1 0 0 0 3 0 11 0.387 0.824 0.866 0.888 0.895 0.906 0.917 0.926 0.935 0.954
1 0 0 0 3 0 12 0.335 0.817 0.894 0.926 0.931 0.937 0.932 0.934 0.945 0.919
1 0 0 0 3 0 13 0.311 0.813 0.907 0.948 0.949 0.955 0.963 0.971 0.980 0.977
1 0 0 0 3 0 14 0.304 0.787 0.884 0.923 0.946 0.956 0.962 0.966 0.980 0.982
1 0 0 0 3 0 15 0.223 0.613 0.676 0.753 0.840 0.894 0.919 0.940 0.969 0.973
## root/medium_electron_2017/egammaEffi.txt_EGM2D_Ele12Leg2_MediumID_QPlus_hsseo_v2.root EGamma_EffMC2D
ETA 1 3 16 -1 -2.5 -2.1 -1.8 -1.566 -1.444 -1.1 -0.8 -0.4 0.0 0.4 0.8 1.1 1.444 1.566 1.8 2.1 2.5
PT 1 3 10 -1 10.0 15.0 20.0 25.0 30.0 35.0 40.0 45.0 70.0 100.0 500.0
1 0 0 1 3 0 0 0.537 0.856 0.921 0.941 0.956 0.965 0.975 0.983 0.990 0.993
1 0 0 1 3 0 1 0.568 0.931 0.965 0.972 0.979 0.984 0.985 0.989 0.996 0.999
1 0 0 1 3 0 2 0.521 0.919 0.953 0.960 0.965 0.972 0.978 0.983 0.989 0.986
1 0 0 1 3 0 3 0.546 0.894 0.932 0.939 0.948 0.946 0.947 0.948 0.943 0.946
1 0 0 1 3 0 4 0.551 0.888 0.911 0.918 0.929 0.940 0.949 0.958 0.968 0.980
1 0 0 1 3 0 5 0.604 0.932 0.930 0.939 0.956 0.964 0.969 0.970 0.985 0.989
1 0 0 1 3 0 6 0.682 0.940 0.936 0.935 0.949 0.962 0.967 0.974 0.982 0.979
1 0 0 1 3 0 7 0.723 0.939 0.925 0.928 0.944 0.962 0.966 0.972 0.981 0.984
1 0 0 1 3 0 8 0.704 0.939 0.933 0.936 0.948 0.961 0.964 0.972 0.982 0.987
1 0 0 1 3 0 9 0.660 0.944 0.945 0.942 0.954 0.965 0.968 0.976 0.985 0.988
1 0 0 1 3 0 10 0.591 0.931 0.934 0.939 0.955 0.964 0.970 0.971 0.983 0.988
1 0 0 1 3 0 11 0.507 0.859 0.889 0.899 0.910 0.922 0.933 0.944 0.964 0.965
1 0 0 1 3 0 12 0.545 0.895 0.919 0.942 0.955 0.952 0.952 0.953 0.968 0.966
1 0 0 1 3 0 13 0.501 0.918 0.953 0.966 0.967 0.979 0.983 0.987 0.991 0.991
1 0 0 1 3 0 14 0.543 0.926 0.962 0.970 0.978 0.983 0.985 0.989 0.992 0.998
1 0 0 1 3 0 15 0.533 0.864 0.914 0.944 0.958 0.963 0.973 0.982 0.993 0.994
## root/medium_electron_2017/egammaEffi.txt_EGM2D_Ele12Leg2_MediumID_QMinus_hsseo_v2.root EGamma_EffData2D
ETA 1 3 16 -1 -2.5 -2.1 -1.8 -1.566 -1.444 -1.1 -0.8 -0.4 0.0 0.4 0.8 1.1 1.444 1.566 1.8 2.1 2.5
PT 1 3 10 -1 10.0 15.0 20.0 25.0 30.0 35.0 40.0 45.0 70.0 100.0 500.0
1 0 0 0 3 1 0 0.281 0.713 0.783 0.847 0.894 0.927 0.940 0.954 0.981 0.975
1 0 0 0 3 1 1 0.330 0.827 0.923 0.946 0.955 0.964 0.966 0.973 0.985 0.982
1 0 0 0 3 1 2 0.345 0.815 0.924 0.935 0.939 0.947 0.957 0.964 0.972 0.978
1 0 0 0 3 1 3 0.457 0.832 0.897 0.929 0.929 0.935 0.932 0.934 0.954 0.921
1 0 0 0 3 1 4 0.367 0.852 0.896 0.913 0.918 0.929 0.937 0.943 0.958 0.965
1 0 0 0 3 1 5 0.467 0.911 0.917 0.923 0.934 0.944 0.951 0.952 0.963 0.971
1 0 0 0 3 1 6 0.588 0.923 0.927 0.926 0.935 0.947 0.952 0.959 0.969 0.977
1 0 0 0 3 1 7 0.593 0.904 0.906 0.907 0.921 0.939 0.942 0.952 0.966 0.970
1 0 0 0 3 1 8 0.575 0.897 0.898 0.897 0.911 0.929 0.933 0.942 0.958 0.963
1 0 0 0 3 1 9 0.577 0.917 0.918 0.911 0.922 0.935 0.939 0.947 0.958 0.964
1 0 0 0 3 1 10 0.477 0.902 0.910 0.912 0.926 0.937 0.945 0.947 0.956 0.962
1 0 0 0 3 1 11 0.374 0.819 0.875 0.884 0.894 0.907 0.916 0.926 0.947 0.951
1 0 0 0 3 1 12 0.378 0.848 0.885 0.914 0.928 0.935 0.933 0.933 0.951 0.923
1 0 0 0 3 1 13 0.303 0.818 0.908 0.946 0.948 0.956 0.963 0.970 0.978 0.978
1 0 0 0 3 1 14 0.297 0.772 0.886 0.930 0.942 0.955 0.963 0.967 0.981 0.975
1 0 0 0 3 1 15 0.242 0.645 0.687 0.748 0.839 0.890 0.919 0.940 0.963 0.970
## root/medium_electron_2017/egammaEffi.txt_EGM2D_Ele12Leg2_MediumID_QMinus_hsseo_v2.root EGamma_EffMC2D
ETA 1 3 16 -1 -2.5 -2.1 -1.8 -1.566 -1.444 -1.1 -0.8 -0.4 0.0 0.4 0.8 1.1 1.444 1.566 1.8 2.1 2.5
PT 1 3 10 -1 10.0 15.0 20.0 25.0 30.0 35.0 40.0 45.0 70.0 100.0 500.0
1 0 0 1 3 1 0 0.538 0.865 0.919 0.944 0.960 0.965 0.972 0.983 0.988 0.987
1 0 0 1 3 1 1 0.570 0.923 0.966 0.971 0.978 0.983 0.988 0.989 0.995 0.997
1 0 0 1 3 1 2 0.530 0.910 0.953 0.961 0.964 0.975 0.981 0.984 0.989 0.993
1 0 0 1 3 1 3 0.578 0.892 0.930 0.935 0.948 0.946 0.948 0.949 0.941 0.915
1 0 0 1 3 1 4 0.533 0.885 0.911 0.920 0.931 0.940 0.949 0.958 0.969 0.975
1 0 0 1 3 1 5 0.601 0.943 0.932 0.941 0.957 0.965 0.970 0.972 0.983 0.991
1 0 0 1 3 1 6 0.701 0.938 0.941 0.941 0.954 0.963 0.966 0.975 0.981 0.983
1 0 0 1 3 1 7 0.702 0.944 0.935 0.935 0.951 0.963 0.966 0.973 0.982 0.990
1 0 0 1 3 1 8 0.708 0.940 0.927 0.926 0.942 0.960 0.962 0.971 0.977 0.984
1 0 0 1 3 1 9 0.689 0.946 0.939 0.937 0.951 0.963 0.968 0.976 0.982 0.987
1 0 0 1 3 1 10 0.602 0.935 0.933 0.935 0.951 0.964 0.969 0.971 0.982 0.991
1 0 0 1 3 1 11 0.517 0.859 0.891 0.895 0.909 0.920 0.931 0.944 0.962 0.965
1 0 0 1 3 1 12 0.557 0.884 0.928 0.943 0.954 0.954 0.946 0.952 0.945 0.922
1 0 0 1 3 1 13 0.507 0.911 0.952 0.965 0.968 0.978 0.983 0.987 0.991 0.999
1 0 0 1 3 1 14 0.556 0.925 0.963 0.969 0.978 0.982 0.986 0.989 0.995 0.994
1 0 0 1 3 1 15 0.528 0.865 0.910 0.942 0.954 0.968 0.972 0.984 0.994 0.994
