## root/medium_muon_2016BF/2016BF_IDISO_plus.root muonEffi_data_eta_pt
ETA 0 0 48 -1 -2.4 -2.3 -2.2 -2.1 -2.0 -1.9 -1.8 -1.7 -1.6 -1.5 -1.4 -1.3 -1.2 -1.1 -1.0 -0.9 -0.8 -0.7 -0.6 -0.5 -0.4 -0.3 -0.2 -0.1 0.0 0.1 0.2 0.3 0.4 0.5 0.6 0.7 0.8 0.9 1.0 1.1 1.2 1.3 1.4 1.5 1.6 1.7 1.8 1.9 2.0 2.1 2.2 2.3 2.4
PT 0 0 10 -1 10.0 15.0 20.0 25.0 30.0 35.0 40.0 45.0 50.0 60.0 120.0
0 0 0 0 0 0 0 0.885 0.915 0.935 0.954 0.969 0.977 0.979 0.982 0.977 0.981
0 0 0 0 0 0 1 0.887 0.914 0.948 0.954 0.972 0.981 0.985 0.988 0.987 1.000
0 0 0 0 0 0 2 0.804 0.863 0.837 0.877 0.891 0.896 0.907 0.907 0.902 0.897
0 0 0 0 0 0 3 0.854 0.908 0.931 0.957 0.966 0.975 0.982 0.981 0.983 0.982
0 0 0 0 0 0 4 0.829 0.889 0.914 0.938 0.956 0.965 0.975 0.975 0.973 0.970
0 0 0 0 0 0 5 0.845 0.905 0.927 0.946 0.965 0.972 0.982 0.983 0.984 0.974
0 0 0 0 0 0 6 0.858 0.888 0.925 0.948 0.959 0.969 0.979 0.981 0.983 0.978
0 0 0 0 0 0 7 0.848 0.895 0.926 0.950 0.966 0.977 0.986 0.987 0.988 0.984
0 0 0 0 0 0 8 0.837 0.888 0.919 0.956 0.967 0.979 0.986 0.990 0.989 0.989
0 0 0 0 0 0 9 0.818 0.884 0.908 0.946 0.963 0.975 0.985 0.985 0.986 0.983
0 0 0 0 0 0 10 0.790 0.867 0.907 0.933 0.954 0.973 0.982 0.985 0.985 0.982
0 0 0 0 0 0 11 0.793 0.845 0.897 0.937 0.956 0.971 0.983 0.987 0.986 0.988
0 0 0 0 0 0 12 0.786 0.870 0.886 0.920 0.947 0.963 0.975 0.976 0.979 0.973
0 0 0 0 0 0 13 0.802 0.847 0.898 0.929 0.957 0.971 0.982 0.986 0.983 0.985
0 0 0 0 0 0 14 0.777 0.865 0.914 0.935 0.958 0.970 0.981 0.986 0.983 0.980
0 0 0 0 0 0 15 0.778 0.866 0.897 0.934 0.955 0.971 0.978 0.981 0.981 0.984
0 0 0 0 0 0 16 0.793 0.857 0.896 0.935 0.956 0.970 0.980 0.983 0.983 0.980
0 0 0 0 0 0 17 0.780 0.841 0.902 0.934 0.957 0.972 0.979 0.983 0.985 0.986
0 0 0 0 0 0 18 0.796 0.868 0.893 0.928 0.956 0.969 0.978 0.984 0.981 0.979
0 0 0 0 0 0 19 0.776 0.869 0.900 0.936 0.954 0.973 0.982 0.985 0.987 0.982
0 0 0 0 0 0 20 0.757 0.843 0.899 0.937 0.959 0.971 0.980 0.984 0.983 0.985
0 0 0 0 0 0 21 0.799 0.851 0.876 0.916 0.937 0.950 0.959 0.962 0.963 0.962
0 0 0 0 0 0 22 0.782 0.855 0.881 0.923 0.946 0.958 0.966 0.970 0.971 0.967
0 0 0 0 0 0 23 0.781 0.841 0.897 0.939 0.959 0.974 0.982 0.986 0.985 0.988
0 0 0 0 0 0 24 0.753 0.848 0.897 0.938 0.960 0.973 0.983 0.985 0.987 0.988
0 0 0 0 0 0 25 0.797 0.841 0.884 0.923 0.948 0.956 0.968 0.971 0.969 0.969
0 0 0 0 0 0 26 0.782 0.831 0.878 0.914 0.939 0.949 0.959 0.962 0.964 0.960
0 0 0 0 0 0 27 0.795 0.841 0.889 0.934 0.955 0.968 0.978 0.981 0.983 0.983
0 0 0 0 0 0 28 0.760 0.851 0.892 0.933 0.956 0.970 0.980 0.986 0.984 0.985
0 0 0 0 0 0 29 0.799 0.848 0.896 0.930 0.953 0.969 0.977 0.982 0.981 0.980
0 0 0 0 0 0 30 0.781 0.866 0.904 0.927 0.954 0.970 0.979 0.983 0.985 0.984
0 0 0 0 0 0 31 0.754 0.860 0.899 0.934 0.958 0.973 0.981 0.984 0.985 0.981
0 0 0 0 0 0 32 0.784 0.857 0.893 0.937 0.955 0.970 0.979 0.983 0.983 0.979
0 0 0 0 0 0 33 0.779 0.858 0.902 0.930 0.954 0.971 0.981 0.985 0.983 0.985
0 0 0 0 0 0 34 0.798 0.839 0.895 0.931 0.949 0.967 0.978 0.980 0.980 0.978
0 0 0 0 0 0 35 0.792 0.844 0.885 0.916 0.947 0.964 0.972 0.979 0.977 0.974
0 0 0 0 0 0 36 0.787 0.870 0.888 0.938 0.953 0.968 0.981 0.985 0.985 0.983
0 0 0 0 0 0 37 0.762 0.861 0.890 0.924 0.954 0.971 0.982 0.985 0.983 0.986
0 0 0 0 0 0 38 0.798 0.875 0.912 0.937 0.955 0.972 0.986 0.987 0.982 0.983
0 0 0 0 0 0 39 0.804 0.887 0.922 0.949 0.966 0.977 0.986 0.988 0.989 0.987
0 0 0 0 0 0 40 0.843 0.878 0.928 0.950 0.969 0.980 0.987 0.989 0.989 0.991
0 0 0 0 0 0 41 0.845 0.911 0.928 0.952 0.964 0.974 0.984 0.986 0.982 0.980
0 0 0 0 0 0 42 0.847 0.892 0.919 0.950 0.967 0.974 0.984 0.987 0.989 0.985
0 0 0 0 0 0 43 0.845 0.900 0.926 0.950 0.963 0.971 0.982 0.982 0.983 0.976
0 0 0 0 0 0 44 0.874 0.922 0.933 0.945 0.967 0.979 0.985 0.987 0.988 0.985
0 0 0 0 0 0 45 0.808 0.841 0.866 0.883 0.895 0.906 0.914 0.917 0.920 0.907
0 0 0 0 0 0 46 0.879 0.924 0.944 0.966 0.972 0.979 0.988 0.988 0.988 0.992
0 0 0 0 0 0 47 0.922 0.933 0.941 0.964 0.974 0.981 0.985 0.987 0.987 0.969
## root/medium_muon_2016BF/2016BF_IDISO_plus.root muonEffi_mc_eta_pt
ETA 0 0 48 -1 -2.4 -2.3 -2.2 -2.1 -2.0 -1.9 -1.8 -1.7 -1.6 -1.5 -1.4 -1.3 -1.2 -1.1 -1.0 -0.9 -0.8 -0.7 -0.6 -0.5 -0.4 -0.3 -0.2 -0.1 0.0 0.1 0.2 0.3 0.4 0.5 0.6 0.7 0.8 0.9 1.0 1.1 1.2 1.3 1.4 1.5 1.6 1.7 1.8 1.9 2.0 2.1 2.2 2.3 2.4
PT 0 0 10 -1 10.0 15.0 20.0 25.0 30.0 35.0 40.0 45.0 50.0 60.0 120.0
0 0 0 1 0 0 0 0.912 0.935 0.952 0.965 0.978 0.986 0.987 0.993 0.991 0.990
0 0 0 1 0 0 1 0.910 0.930 0.947 0.963 0.976 0.983 0.990 0.991 0.993 0.995
0 0 0 1 0 0 2 0.860 0.907 0.909 0.940 0.950 0.964 0.967 0.970 0.972 0.968
0 0 0 1 0 0 3 0.897 0.898 0.939 0.957 0.974 0.983 0.989 0.993 0.992 0.989
0 0 0 1 0 0 4 0.887 0.917 0.936 0.959 0.970 0.981 0.989 0.992 0.992 0.989
0 0 0 1 0 0 5 0.873 0.907 0.938 0.953 0.972 0.981 0.988 0.992 0.994 0.991
0 0 0 1 0 0 6 0.867 0.904 0.933 0.953 0.968 0.981 0.990 0.993 0.990 0.993
0 0 0 1 0 0 7 0.867 0.912 0.936 0.952 0.967 0.979 0.989 0.991 0.993 0.992
0 0 0 1 0 0 8 0.860 0.905 0.927 0.949 0.965 0.979 0.989 0.993 0.992 0.991
0 0 0 1 0 0 9 0.849 0.892 0.907 0.947 0.960 0.976 0.988 0.991 0.989 0.987
0 0 0 1 0 0 10 0.819 0.880 0.912 0.934 0.957 0.976 0.985 0.988 0.988 0.976
0 0 0 1 0 0 11 0.793 0.871 0.904 0.929 0.954 0.973 0.984 0.986 0.986 0.982
0 0 0 1 0 0 12 0.825 0.853 0.897 0.931 0.951 0.968 0.980 0.984 0.982 0.981
0 0 0 1 0 0 13 0.783 0.868 0.901 0.935 0.959 0.976 0.987 0.989 0.989 0.989
0 0 0 1 0 0 14 0.829 0.876 0.916 0.941 0.961 0.979 0.984 0.990 0.990 0.986
0 0 0 1 0 0 15 0.826 0.889 0.916 0.940 0.958 0.977 0.984 0.987 0.989 0.989
0 0 0 1 0 0 16 0.836 0.871 0.912 0.943 0.962 0.975 0.986 0.990 0.990 0.991
0 0 0 1 0 0 17 0.810 0.879 0.911 0.947 0.963 0.979 0.987 0.991 0.992 0.989
0 0 0 1 0 0 18 0.860 0.885 0.908 0.940 0.962 0.978 0.986 0.991 0.992 0.992
0 0 0 1 0 0 19 0.817 0.872 0.911 0.945 0.964 0.976 0.988 0.990 0.991 0.986
0 0 0 1 0 0 20 0.821 0.874 0.907 0.945 0.966 0.979 0.986 0.990 0.990 0.991
0 0 0 1 0 0 21 0.792 0.851 0.911 0.937 0.957 0.969 0.975 0.978 0.980 0.976
0 0 0 1 0 0 22 0.767 0.844 0.911 0.940 0.954 0.969 0.977 0.980 0.980 0.981
0 0 0 1 0 0 23 0.780 0.854 0.918 0.945 0.966 0.979 0.987 0.990 0.990 0.993
0 0 0 1 0 0 24 0.804 0.885 0.915 0.949 0.964 0.978 0.987 0.989 0.991 0.988
0 0 0 1 0 0 25 0.793 0.845 0.907 0.936 0.958 0.970 0.979 0.981 0.981 0.979
0 0 0 1 0 0 26 0.770 0.860 0.898 0.935 0.952 0.964 0.973 0.978 0.977 0.974
0 0 0 1 0 0 27 0.821 0.876 0.908 0.944 0.964 0.975 0.985 0.989 0.988 0.987
0 0 0 1 0 0 28 0.839 0.886 0.915 0.946 0.967 0.979 0.987 0.990 0.990 0.990
0 0 0 1 0 0 29 0.824 0.872 0.907 0.944 0.964 0.977 0.987 0.989 0.991 0.988
0 0 0 1 0 0 30 0.833 0.877 0.917 0.940 0.968 0.978 0.986 0.990 0.990 0.989
0 0 0 1 0 0 31 0.843 0.874 0.913 0.939 0.963 0.977 0.985 0.989 0.989 0.989
0 0 0 1 0 0 32 0.835 0.867 0.914 0.937 0.965 0.974 0.984 0.988 0.990 0.988
0 0 0 1 0 0 33 0.828 0.863 0.911 0.938 0.958 0.975 0.987 0.991 0.989 0.988
0 0 0 1 0 0 34 0.783 0.865 0.910 0.928 0.954 0.973 0.984 0.986 0.991 0.983
0 0 0 1 0 0 35 0.800 0.858 0.896 0.926 0.952 0.972 0.985 0.986 0.985 0.983
0 0 0 1 0 0 36 0.816 0.858 0.897 0.926 0.959 0.969 0.983 0.987 0.987 0.983
0 0 0 1 0 0 37 0.820 0.872 0.907 0.932 0.952 0.972 0.986 0.989 0.986 0.979
0 0 0 1 0 0 38 0.848 0.875 0.912 0.942 0.961 0.975 0.986 0.990 0.986 0.987
0 0 0 1 0 0 39 0.848 0.886 0.931 0.952 0.969 0.980 0.988 0.991 0.991 0.993
0 0 0 1 0 0 40 0.872 0.896 0.927 0.952 0.966 0.980 0.990 0.993 0.993 0.992
0 0 0 1 0 0 41 0.877 0.904 0.941 0.956 0.963 0.980 0.989 0.992 0.995 0.992
0 0 0 1 0 0 42 0.862 0.908 0.932 0.952 0.970 0.979 0.989 0.992 0.993 0.993
0 0 0 1 0 0 43 0.870 0.896 0.939 0.955 0.971 0.982 0.989 0.993 0.993 0.992
0 0 0 1 0 0 44 0.891 0.918 0.929 0.953 0.970 0.978 0.990 0.992 0.994 0.993
0 0 0 1 0 0 45 0.865 0.908 0.918 0.937 0.950 0.957 0.964 0.972 0.970 0.968
0 0 0 1 0 0 46 0.885 0.930 0.943 0.961 0.976 0.983 0.990 0.994 0.991 0.997
0 0 0 1 0 0 47 0.920 0.938 0.948 0.969 0.972 0.981 0.990 0.991 0.992 0.991
## root/medium_muon_2016BF/2016BF_IDISO_minus.root muonEffi_data_eta_pt
ETA 0 0 48 -1 -2.4 -2.3 -2.2 -2.1 -2.0 -1.9 -1.8 -1.7 -1.6 -1.5 -1.4 -1.3 -1.2 -1.1 -1.0 -0.9 -0.8 -0.7 -0.6 -0.5 -0.4 -0.3 -0.2 -0.1 0.0 0.1 0.2 0.3 0.4 0.5 0.6 0.7 0.8 0.9 1.0 1.1 1.2 1.3 1.4 1.5 1.6 1.7 1.8 1.9 2.0 2.1 2.2 2.3 2.4
PT 0 0 10 -1 10.0 15.0 20.0 25.0 30.0 35.0 40.0 45.0 50.0 60.0 120.0
0 0 0 0 0 1 0 0.899 0.917 0.937 0.952 0.972 0.976 0.982 0.982 0.980 0.978
0 0 0 0 0 1 1 0.890 0.896 0.939 0.964 0.969 0.980 0.987 0.988 0.984 0.980
0 0 0 0 0 1 2 0.786 0.843 0.856 0.876 0.887 0.901 0.903 0.910 0.910 0.900
0 0 0 0 0 1 3 0.841 0.902 0.935 0.952 0.964 0.974 0.982 0.986 0.982 0.975
0 0 0 0 0 1 4 0.867 0.892 0.929 0.940 0.959 0.968 0.974 0.976 0.977 0.977
0 0 0 0 0 1 5 0.855 0.898 0.929 0.946 0.964 0.973 0.982 0.984 0.982 0.976
0 0 0 0 0 1 6 0.847 0.887 0.917 0.950 0.957 0.973 0.978 0.980 0.981 0.978
0 0 0 0 0 1 7 0.830 0.904 0.923 0.953 0.968 0.975 0.986 0.989 0.989 0.984
0 0 0 0 0 1 8 0.848 0.891 0.929 0.952 0.966 0.979 0.986 0.989 0.988 0.988
0 0 0 0 0 1 9 0.821 0.879 0.916 0.945 0.960 0.974 0.984 0.988 0.988 0.985
0 0 0 0 0 1 10 0.799 0.855 0.916 0.936 0.958 0.973 0.984 0.987 0.984 0.983
0 0 0 0 0 1 11 0.794 0.861 0.897 0.937 0.955 0.974 0.983 0.986 0.984 0.980
0 0 0 0 0 1 12 0.802 0.859 0.890 0.915 0.942 0.962 0.975 0.977 0.977 0.969
0 0 0 0 0 1 13 0.804 0.874 0.898 0.936 0.955 0.971 0.982 0.986 0.984 0.980
0 0 0 0 0 1 14 0.794 0.855 0.896 0.930 0.954 0.970 0.979 0.982 0.982 0.980
0 0 0 0 0 1 15 0.794 0.869 0.905 0.936 0.955 0.970 0.980 0.985 0.984 0.976
0 0 0 0 0 1 16 0.774 0.859 0.900 0.933 0.955 0.969 0.978 0.983 0.985 0.983
0 0 0 0 0 1 17 0.789 0.847 0.897 0.936 0.956 0.970 0.981 0.982 0.985 0.982
0 0 0 0 0 1 18 0.779 0.859 0.904 0.934 0.954 0.970 0.980 0.984 0.980 0.984
0 0 0 0 0 1 19 0.780 0.855 0.896 0.936 0.957 0.972 0.982 0.985 0.988 0.985
0 0 0 0 0 1 20 0.793 0.847 0.897 0.934 0.956 0.971 0.980 0.984 0.985 0.983
0 0 0 0 0 1 21 0.742 0.837 0.879 0.913 0.937 0.950 0.959 0.962 0.962 0.960
0 0 0 0 0 1 22 0.799 0.832 0.894 0.923 0.945 0.956 0.967 0.970 0.972 0.971
0 0 0 0 0 1 23 0.791 0.863 0.902 0.940 0.961 0.973 0.982 0.985 0.986 0.987
0 0 0 0 0 1 24 0.745 0.841 0.898 0.936 0.958 0.972 0.982 0.985 0.987 0.985
0 0 0 0 0 1 25 0.811 0.837 0.888 0.924 0.945 0.960 0.966 0.970 0.970 0.969
0 0 0 0 0 1 26 0.739 0.832 0.893 0.915 0.938 0.949 0.959 0.961 0.961 0.958
0 0 0 0 0 1 27 0.731 0.845 0.887 0.930 0.956 0.970 0.978 0.982 0.982 0.982
0 0 0 0 0 1 28 0.794 0.859 0.906 0.933 0.956 0.971 0.979 0.985 0.985 0.986
0 0 0 0 0 1 29 0.796 0.853 0.887 0.932 0.954 0.969 0.977 0.982 0.980 0.973
0 0 0 0 0 1 30 0.792 0.851 0.901 0.933 0.961 0.972 0.980 0.984 0.982 0.985
0 0 0 0 0 1 31 0.798 0.832 0.904 0.931 0.957 0.971 0.980 0.984 0.983 0.982
0 0 0 0 0 1 32 0.754 0.852 0.904 0.938 0.955 0.970 0.980 0.982 0.983 0.981
0 0 0 0 0 1 33 0.784 0.867 0.899 0.934 0.954 0.971 0.980 0.984 0.980 0.978
0 0 0 0 0 1 34 0.789 0.854 0.899 0.924 0.954 0.967 0.976 0.981 0.979 0.983
0 0 0 0 0 1 35 0.796 0.847 0.878 0.924 0.947 0.963 0.974 0.978 0.978 0.973
0 0 0 0 0 1 36 0.798 0.843 0.893 0.931 0.956 0.970 0.982 0.984 0.984 0.975
0 0 0 0 0 1 37 0.813 0.870 0.892 0.932 0.960 0.972 0.983 0.986 0.983 0.972
0 0 0 0 0 1 38 0.841 0.871 0.911 0.943 0.956 0.972 0.984 0.986 0.986 0.984
0 0 0 0 0 1 39 0.859 0.892 0.924 0.951 0.967 0.977 0.987 0.988 0.987 0.976
0 0 0 0 0 1 40 0.855 0.872 0.927 0.956 0.968 0.979 0.987 0.990 0.988 0.988
0 0 0 0 0 1 41 0.825 0.902 0.931 0.944 0.963 0.974 0.983 0.985 0.985 0.978
0 0 0 0 0 1 42 0.860 0.901 0.931 0.946 0.969 0.975 0.982 0.985 0.987 0.985
0 0 0 0 0 1 43 0.855 0.898 0.922 0.950 0.959 0.972 0.979 0.982 0.982 0.979
0 0 0 0 0 1 44 0.888 0.914 0.926 0.952 0.966 0.978 0.987 0.989 0.987 0.983
0 0 0 0 0 1 45 0.794 0.825 0.862 0.882 0.894 0.903 0.916 0.913 0.916 0.918
0 0 0 0 0 1 46 0.905 0.908 0.939 0.964 0.970 0.982 0.988 0.991 0.990 0.984
0 0 0 0 0 1 47 0.905 0.916 0.945 0.963 0.973 0.977 0.984 0.984 0.984 0.987
## root/medium_muon_2016BF/2016BF_IDISO_minus.root muonEffi_mc_eta_pt
ETA 0 0 48 -1 -2.4 -2.3 -2.2 -2.1 -2.0 -1.9 -1.8 -1.7 -1.6 -1.5 -1.4 -1.3 -1.2 -1.1 -1.0 -0.9 -0.8 -0.7 -0.6 -0.5 -0.4 -0.3 -0.2 -0.1 0.0 0.1 0.2 0.3 0.4 0.5 0.6 0.7 0.8 0.9 1.0 1.1 1.2 1.3 1.4 1.5 1.6 1.7 1.8 1.9 2.0 2.1 2.2 2.3 2.4
PT 0 0 10 -1 10.0 15.0 20.0 25.0 30.0 35.0 40.0 45.0 50.0 60.0 120.0
0 0 0 1 0 1 0 0.918 0.936 0.958 0.965 0.977 0.982 0.988 0.991 0.985 0.985
0 0 0 1 0 1 1 0.895 0.940 0.949 0.962 0.977 0.984 0.991 0.992 0.990 0.989
0 0 0 1 0 1 2 0.865 0.901 0.915 0.937 0.948 0.959 0.962 0.972 0.968 0.978
0 0 0 1 0 1 3 0.867 0.913 0.937 0.960 0.970 0.982 0.990 0.993 0.993 0.993
0 0 0 1 0 1 4 0.877 0.916 0.938 0.960 0.972 0.980 0.990 0.991 0.993 0.993
0 0 0 1 0 1 5 0.869 0.906 0.936 0.954 0.972 0.982 0.990 0.990 0.995 0.992
0 0 0 1 0 1 6 0.878 0.916 0.928 0.958 0.970 0.982 0.990 0.992 0.991 0.993
0 0 0 1 0 1 7 0.879 0.893 0.937 0.956 0.967 0.981 0.989 0.993 0.992 0.992
0 0 0 1 0 1 8 0.857 0.901 0.927 0.955 0.967 0.980 0.988 0.992 0.992 0.994
0 0 0 1 0 1 9 0.849 0.898 0.926 0.947 0.963 0.977 0.988 0.991 0.990 0.989
0 0 0 1 0 1 10 0.833 0.879 0.914 0.935 0.959 0.976 0.985 0.990 0.987 0.976
0 0 0 1 0 1 11 0.828 0.862 0.901 0.932 0.955 0.973 0.982 0.986 0.987 0.984
0 0 0 1 0 1 12 0.804 0.858 0.888 0.926 0.949 0.970 0.979 0.983 0.984 0.975
0 0 0 1 0 1 13 0.797 0.878 0.913 0.933 0.959 0.974 0.985 0.990 0.990 0.987
0 0 0 1 0 1 14 0.843 0.877 0.904 0.938 0.957 0.975 0.985 0.989 0.989 0.986
0 0 0 1 0 1 15 0.825 0.881 0.911 0.944 0.963 0.978 0.987 0.988 0.989 0.989
0 0 0 1 0 1 16 0.858 0.876 0.910 0.938 0.963 0.977 0.987 0.989 0.991 0.991
0 0 0 1 0 1 17 0.845 0.874 0.912 0.940 0.965 0.979 0.988 0.991 0.992 0.988
0 0 0 1 0 1 18 0.829 0.883 0.922 0.942 0.966 0.978 0.989 0.989 0.992 0.990
0 0 0 1 0 1 19 0.802 0.880 0.918 0.942 0.966 0.979 0.987 0.990 0.989 0.992
0 0 0 1 0 1 20 0.823 0.874 0.909 0.946 0.963 0.980 0.986 0.990 0.992 0.989
0 0 0 1 0 1 21 0.801 0.858 0.897 0.932 0.957 0.966 0.974 0.980 0.980 0.976
0 0 0 1 0 1 22 0.786 0.858 0.903 0.938 0.960 0.969 0.977 0.979 0.981 0.982
0 0 0 1 0 1 23 0.807 0.870 0.919 0.948 0.966 0.979 0.986 0.991 0.991 0.990
0 0 0 1 0 1 24 0.772 0.873 0.920 0.949 0.968 0.981 0.987 0.990 0.989 0.988
0 0 0 1 0 1 25 0.804 0.874 0.914 0.938 0.961 0.969 0.980 0.982 0.981 0.980
0 0 0 1 0 1 26 0.777 0.864 0.895 0.933 0.950 0.965 0.973 0.973 0.976 0.975
0 0 0 1 0 1 27 0.795 0.861 0.912 0.947 0.963 0.976 0.984 0.989 0.989 0.987
0 0 0 1 0 1 28 0.812 0.863 0.915 0.944 0.965 0.978 0.986 0.991 0.990 0.989
0 0 0 1 0 1 29 0.821 0.872 0.907 0.943 0.966 0.977 0.986 0.989 0.992 0.990
0 0 0 1 0 1 30 0.818 0.884 0.913 0.942 0.964 0.980 0.987 0.990 0.989 0.987
0 0 0 1 0 1 31 0.819 0.867 0.907 0.939 0.962 0.977 0.985 0.988 0.988 0.991
0 0 0 1 0 1 32 0.838 0.869 0.908 0.942 0.960 0.977 0.985 0.987 0.988 0.986
0 0 0 1 0 1 33 0.811 0.859 0.910 0.937 0.956 0.976 0.984 0.988 0.990 0.988
0 0 0 1 0 1 34 0.797 0.867 0.902 0.932 0.956 0.975 0.984 0.988 0.988 0.985
0 0 0 1 0 1 35 0.819 0.848 0.887 0.930 0.953 0.973 0.983 0.985 0.985 0.982
0 0 0 1 0 1 36 0.817 0.852 0.905 0.933 0.953 0.971 0.982 0.988 0.987 0.978
0 0 0 1 0 1 37 0.820 0.871 0.913 0.940 0.954 0.976 0.985 0.987 0.986 0.977
0 0 0 1 0 1 38 0.841 0.868 0.920 0.943 0.964 0.975 0.986 0.988 0.989 0.983
0 0 0 1 0 1 39 0.853 0.891 0.915 0.951 0.966 0.981 0.988 0.991 0.992 0.989
0 0 0 1 0 1 40 0.870 0.902 0.944 0.954 0.965 0.981 0.990 0.991 0.993 0.992
0 0 0 1 0 1 41 0.861 0.908 0.932 0.957 0.968 0.982 0.988 0.992 0.993 0.991
0 0 0 1 0 1 42 0.858 0.913 0.934 0.953 0.969 0.981 0.989 0.991 0.992 0.992
0 0 0 1 0 1 43 0.867 0.911 0.939 0.961 0.970 0.980 0.989 0.993 0.993 0.992
0 0 0 1 0 1 44 0.887 0.924 0.938 0.953 0.970 0.983 0.989 0.993 0.992 0.993
0 0 0 1 0 1 45 0.865 0.903 0.913 0.928 0.950 0.961 0.965 0.970 0.971 0.974
0 0 0 1 0 1 46 0.915 0.920 0.945 0.965 0.976 0.986 0.992 0.993 0.992 0.988
0 0 0 1 0 1 47 0.912 0.943 0.941 0.962 0.976 0.986 0.991 0.990 0.991 0.988
## root/medium_muon_2016BF/2016BF_IsoMu24_plus.root muonEffi_data_eta_pt
ETA 0 1 48 -1 -2.4 -2.3 -2.2 -2.1 -2.0 -1.9 -1.8 -1.7 -1.6 -1.5 -1.4 -1.3 -1.2 -1.1 -1.0 -0.9 -0.8 -0.7 -0.6 -0.5 -0.4 -0.3 -0.2 -0.1 0.0 0.1 0.2 0.3 0.4 0.5 0.6 0.7 0.8 0.9 1.0 1.1 1.2 1.3 1.4 1.5 1.6 1.7 1.8 1.9 2.0 2.1 2.2 2.3 2.4
PT 0 1 7 -1 26.0 30.0 35.0 40.0 45.0 50.0 60.0 120.0
0 0 0 0 1 0 0 0.616 0.694 0.747 0.772 0.785 0.793 0.801
0 0 0 0 1 0 1 0.667 0.759 0.804 0.828 0.843 0.846 0.839
0 0 0 0 1 0 2 0.699 0.756 0.788 0.805 0.817 0.821 0.821
0 0 0 0 1 0 3 0.735 0.796 0.830 0.840 0.849 0.853 0.853
0 0 0 0 1 0 4 0.764 0.817 0.845 0.860 0.864 0.866 0.860
0 0 0 0 1 0 5 0.771 0.808 0.836 0.837 0.847 0.850 0.840
0 0 0 0 1 0 6 0.700 0.717 0.735 0.745 0.755 0.750 0.746
0 0 0 0 1 0 7 0.809 0.837 0.865 0.876 0.885 0.886 0.894
0 0 0 0 1 0 8 0.714 0.772 0.831 0.868 0.888 0.899 0.897
0 0 0 0 1 0 9 0.869 0.888 0.902 0.907 0.909 0.913 0.905
0 0 0 0 1 0 10 0.860 0.895 0.911 0.925 0.927 0.928 0.924
0 0 0 0 1 0 11 0.844 0.883 0.907 0.917 0.917 0.922 0.923
0 0 0 0 1 0 12 0.829 0.859 0.886 0.895 0.900 0.897 0.901
0 0 0 0 1 0 13 0.866 0.901 0.920 0.931 0.936 0.934 0.937
0 0 0 0 1 0 14 0.860 0.897 0.919 0.929 0.936 0.936 0.938
0 0 0 0 1 0 15 0.826 0.844 0.861 0.869 0.874 0.878 0.875
0 0 0 0 1 0 16 0.894 0.909 0.923 0.933 0.939 0.938 0.934
0 0 0 0 1 0 17 0.907 0.919 0.933 0.945 0.949 0.952 0.950
0 0 0 0 1 0 18 0.886 0.908 0.921 0.933 0.939 0.934 0.935
0 0 0 0 1 0 19 0.897 0.920 0.937 0.948 0.953 0.954 0.956
0 0 0 0 1 0 20 0.854 0.890 0.910 0.918 0.923 0.926 0.928
0 0 0 0 1 0 21 0.693 0.721 0.744 0.751 0.752 0.755 0.746
0 0 0 0 1 0 22 0.834 0.859 0.877 0.887 0.890 0.897 0.892
0 0 0 0 1 0 23 0.885 0.916 0.936 0.948 0.954 0.960 0.960
0 0 0 0 1 0 24 0.886 0.918 0.938 0.952 0.958 0.959 0.960
0 0 0 0 1 0 25 0.834 0.861 0.880 0.893 0.892 0.901 0.896
0 0 0 0 1 0 26 0.725 0.746 0.762 0.776 0.777 0.771 0.760
0 0 0 0 1 0 27 0.866 0.892 0.908 0.919 0.926 0.924 0.925
0 0 0 0 1 0 28 0.896 0.927 0.943 0.952 0.958 0.956 0.962
0 0 0 0 1 0 29 0.885 0.913 0.926 0.936 0.941 0.943 0.941
0 0 0 0 1 0 30 0.904 0.921 0.937 0.944 0.946 0.949 0.948
0 0 0 0 1 0 31 0.882 0.904 0.922 0.933 0.932 0.932 0.935
0 0 0 0 1 0 32 0.816 0.850 0.862 0.871 0.874 0.878 0.875
0 0 0 0 1 0 33 0.851 0.892 0.914 0.929 0.937 0.941 0.939
0 0 0 0 1 0 34 0.864 0.901 0.918 0.930 0.934 0.931 0.932
0 0 0 0 1 0 35 0.847 0.877 0.895 0.907 0.909 0.906 0.910
0 0 0 0 1 0 36 0.874 0.897 0.916 0.924 0.928 0.927 0.926
0 0 0 0 1 0 37 0.882 0.905 0.918 0.927 0.929 0.928 0.933
0 0 0 0 1 0 38 0.877 0.886 0.899 0.906 0.906 0.907 0.892
0 0 0 0 1 0 39 0.830 0.865 0.891 0.899 0.905 0.907 0.900
0 0 0 0 1 0 40 0.852 0.881 0.888 0.901 0.904 0.902 0.903
0 0 0 0 1 0 41 0.736 0.752 0.773 0.770 0.773 0.770 0.754
0 0 0 0 1 0 42 0.809 0.825 0.845 0.855 0.858 0.866 0.863
0 0 0 0 1 0 43 0.830 0.855 0.875 0.883 0.888 0.888 0.889
0 0 0 0 1 0 44 0.820 0.834 0.849 0.866 0.871 0.863 0.862
0 0 0 0 1 0 45 0.768 0.793 0.812 0.822 0.819 0.827 0.821
0 0 0 0 1 0 46 0.777 0.808 0.829 0.838 0.847 0.838 0.839
0 0 0 0 1 0 47 0.694 0.742 0.777 0.789 0.789 0.789 0.793
## root/medium_muon_2016BF/2016BF_IsoMu24_plus.root muonEffi_mc_eta_pt
ETA 0 1 48 -1 -2.4 -2.3 -2.2 -2.1 -2.0 -1.9 -1.8 -1.7 -1.6 -1.5 -1.4 -1.3 -1.2 -1.1 -1.0 -0.9 -0.8 -0.7 -0.6 -0.5 -0.4 -0.3 -0.2 -0.1 0.0 0.1 0.2 0.3 0.4 0.5 0.6 0.7 0.8 0.9 1.0 1.1 1.2 1.3 1.4 1.5 1.6 1.7 1.8 1.9 2.0 2.1 2.2 2.3 2.4
PT 0 1 7 -1 26.0 30.0 35.0 40.0 45.0 50.0 60.0 120.0
0 0 0 1 1 0 0 0.732 0.769 0.806 0.827 0.824 0.830 0.824
0 0 0 1 1 0 1 0.802 0.838 0.862 0.873 0.878 0.887 0.890
0 0 0 1 1 0 2 0.724 0.751 0.773 0.792 0.791 0.800 0.820
0 0 0 1 1 0 3 0.796 0.823 0.844 0.862 0.872 0.876 0.861
0 0 0 1 1 0 4 0.830 0.854 0.875 0.888 0.886 0.894 0.884
0 0 0 1 1 0 5 0.825 0.841 0.860 0.868 0.875 0.877 0.883
0 0 0 1 1 0 6 0.710 0.731 0.735 0.753 0.753 0.754 0.770
0 0 0 1 1 0 7 0.812 0.843 0.860 0.880 0.884 0.888 0.897
0 0 0 1 1 0 8 0.781 0.819 0.846 0.869 0.881 0.875 0.875
0 0 0 1 1 0 9 0.809 0.825 0.838 0.851 0.861 0.868 0.861
0 0 0 1 1 0 10 0.872 0.892 0.904 0.915 0.925 0.921 0.927
0 0 0 1 1 0 11 0.876 0.899 0.924 0.936 0.938 0.944 0.946
0 0 0 1 1 0 12 0.880 0.908 0.931 0.941 0.949 0.949 0.955
0 0 0 1 1 0 13 0.909 0.940 0.961 0.973 0.974 0.977 0.979
0 0 0 1 1 0 14 0.895 0.922 0.949 0.956 0.963 0.970 0.965
0 0 0 1 1 0 15 0.838 0.853 0.867 0.882 0.881 0.891 0.881
0 0 0 1 1 0 16 0.887 0.904 0.922 0.933 0.936 0.940 0.938
0 0 0 1 1 0 17 0.907 0.926 0.942 0.951 0.954 0.957 0.958
0 0 0 1 1 0 18 0.901 0.921 0.939 0.950 0.954 0.955 0.959
0 0 0 1 1 0 19 0.910 0.934 0.954 0.963 0.966 0.969 0.968
0 0 0 1 1 0 20 0.891 0.915 0.932 0.947 0.952 0.954 0.945
0 0 0 1 1 0 21 0.787 0.812 0.824 0.839 0.839 0.841 0.848
0 0 0 1 1 0 22 0.873 0.897 0.916 0.926 0.933 0.934 0.932
0 0 0 1 1 0 23 0.904 0.934 0.953 0.963 0.969 0.968 0.970
0 0 0 1 1 0 24 0.898 0.930 0.947 0.961 0.969 0.969 0.973
0 0 0 1 1 0 25 0.870 0.902 0.913 0.932 0.932 0.934 0.938
0 0 0 1 1 0 26 0.782 0.805 0.818 0.825 0.829 0.831 0.823
0 0 0 1 1 0 27 0.888 0.915 0.929 0.944 0.945 0.952 0.943
0 0 0 1 1 0 28 0.894 0.928 0.952 0.961 0.966 0.970 0.967
0 0 0 1 1 0 29 0.888 0.919 0.937 0.950 0.953 0.955 0.960
0 0 0 1 1 0 30 0.897 0.922 0.937 0.948 0.956 0.959 0.959
0 0 0 1 1 0 31 0.870 0.895 0.915 0.925 0.933 0.929 0.933
0 0 0 1 1 0 32 0.820 0.854 0.871 0.880 0.879 0.888 0.894
0 0 0 1 1 0 33 0.898 0.928 0.947 0.962 0.967 0.967 0.971
0 0 0 1 1 0 34 0.913 0.941 0.961 0.974 0.979 0.979 0.981
0 0 0 1 1 0 35 0.880 0.907 0.934 0.947 0.949 0.954 0.950
0 0 0 1 1 0 36 0.882 0.909 0.928 0.939 0.946 0.946 0.949
0 0 0 1 1 0 37 0.858 0.882 0.909 0.916 0.916 0.919 0.935
0 0 0 1 1 0 38 0.812 0.834 0.850 0.858 0.864 0.860 0.858
0 0 0 1 1 0 39 0.787 0.836 0.860 0.879 0.879 0.887 0.895
0 0 0 1 1 0 40 0.859 0.882 0.901 0.914 0.915 0.913 0.924
0 0 0 1 1 0 41 0.762 0.778 0.799 0.806 0.810 0.815 0.818
0 0 0 1 1 0 42 0.828 0.852 0.864 0.883 0.883 0.890 0.889
0 0 0 1 1 0 43 0.853 0.879 0.894 0.906 0.911 0.907 0.910
0 0 0 1 1 0 44 0.820 0.835 0.857 0.869 0.875 0.889 0.882
0 0 0 1 1 0 45 0.755 0.775 0.795 0.801 0.805 0.808 0.823
0 0 0 1 1 0 46 0.829 0.853 0.868 0.887 0.904 0.902 0.899
0 0 0 1 1 0 47 0.771 0.807 0.832 0.844 0.858 0.852 0.866
## root/medium_muon_2016BF/2016BF_IsoMu24_minus.root muonEffi_data_eta_pt
ETA 0 1 48 -1 -2.4 -2.3 -2.2 -2.1 -2.0 -1.9 -1.8 -1.7 -1.6 -1.5 -1.4 -1.3 -1.2 -1.1 -1.0 -0.9 -0.8 -0.7 -0.6 -0.5 -0.4 -0.3 -0.2 -0.1 0.0 0.1 0.2 0.3 0.4 0.5 0.6 0.7 0.8 0.9 1.0 1.1 1.2 1.3 1.4 1.5 1.6 1.7 1.8 1.9 2.0 2.1 2.2 2.3 2.4
PT 0 1 7 -1 26.0 30.0 35.0 40.0 45.0 50.0 60.0 120.0
0 0 0 0 1 1 0 0.754 0.783 0.806 0.816 0.827 0.817 0.814
0 0 0 0 1 1 1 0.805 0.839 0.857 0.874 0.873 0.875 0.860
0 0 0 0 1 1 2 0.788 0.817 0.832 0.842 0.844 0.840 0.852
0 0 0 0 1 1 3 0.811 0.843 0.854 0.869 0.867 0.872 0.854
0 0 0 0 1 1 4 0.833 0.857 0.869 0.883 0.884 0.889 0.882
0 0 0 0 1 1 5 0.811 0.829 0.845 0.854 0.861 0.867 0.852
0 0 0 0 1 1 6 0.721 0.738 0.745 0.754 0.750 0.747 0.751
0 0 0 0 1 1 7 0.811 0.856 0.879 0.892 0.897 0.900 0.898
0 0 0 0 1 1 8 0.776 0.834 0.876 0.903 0.911 0.911 0.896
0 0 0 0 1 1 9 0.893 0.903 0.913 0.919 0.919 0.914 0.900
0 0 0 0 1 1 10 0.896 0.912 0.928 0.939 0.944 0.939 0.936
0 0 0 0 1 1 11 0.895 0.913 0.926 0.936 0.945 0.939 0.933
0 0 0 0 1 1 12 0.851 0.883 0.896 0.907 0.912 0.910 0.909
0 0 0 0 1 1 13 0.850 0.893 0.915 0.927 0.932 0.934 0.931
0 0 0 0 1 1 14 0.821 0.880 0.905 0.920 0.929 0.931 0.933
0 0 0 0 1 1 15 0.829 0.856 0.869 0.877 0.883 0.878 0.882
0 0 0 0 1 1 16 0.891 0.915 0.933 0.941 0.944 0.942 0.941
0 0 0 0 1 1 17 0.901 0.926 0.940 0.951 0.952 0.954 0.957
0 0 0 0 1 1 18 0.888 0.915 0.930 0.939 0.942 0.944 0.939
0 0 0 0 1 1 19 0.906 0.924 0.946 0.956 0.958 0.959 0.954
0 0 0 0 1 1 20 0.869 0.894 0.914 0.923 0.926 0.930 0.927
0 0 0 0 1 1 21 0.703 0.725 0.742 0.752 0.751 0.753 0.748
0 0 0 0 1 1 22 0.842 0.868 0.884 0.897 0.899 0.900 0.903
0 0 0 0 1 1 23 0.897 0.919 0.940 0.951 0.957 0.960 0.963
0 0 0 0 1 1 24 0.893 0.923 0.942 0.955 0.959 0.963 0.965
0 0 0 0 1 1 25 0.837 0.869 0.885 0.900 0.902 0.902 0.905
0 0 0 0 1 1 26 0.717 0.755 0.768 0.777 0.783 0.775 0.768
0 0 0 0 1 1 27 0.869 0.899 0.913 0.923 0.930 0.928 0.930
0 0 0 0 1 1 28 0.902 0.932 0.948 0.958 0.964 0.962 0.961
0 0 0 0 1 1 29 0.892 0.923 0.934 0.943 0.946 0.948 0.943
0 0 0 0 1 1 30 0.905 0.927 0.939 0.951 0.952 0.956 0.953
0 0 0 0 1 1 31 0.889 0.911 0.930 0.938 0.941 0.944 0.937
0 0 0 0 1 1 32 0.828 0.853 0.872 0.880 0.882 0.879 0.879
0 0 0 0 1 1 33 0.856 0.893 0.916 0.929 0.933 0.938 0.938
0 0 0 0 1 1 34 0.852 0.893 0.913 0.924 0.930 0.927 0.931
0 0 0 0 1 1 35 0.842 0.861 0.886 0.898 0.903 0.904 0.901
0 0 0 0 1 1 36 0.830 0.874 0.901 0.912 0.917 0.917 0.917
0 0 0 0 1 1 37 0.847 0.883 0.904 0.917 0.919 0.918 0.925
0 0 0 0 1 1 38 0.847 0.868 0.886 0.894 0.896 0.900 0.896
0 0 0 0 1 1 39 0.720 0.783 0.818 0.854 0.868 0.884 0.899
0 0 0 0 1 1 40 0.830 0.846 0.876 0.892 0.898 0.902 0.902
0 0 0 0 1 1 41 0.734 0.751 0.759 0.767 0.768 0.771 0.764
0 0 0 0 1 1 42 0.784 0.817 0.839 0.852 0.851 0.854 0.860
0 0 0 0 1 1 43 0.798 0.843 0.864 0.876 0.884 0.887 0.886
0 0 0 0 1 1 44 0.771 0.807 0.834 0.855 0.860 0.855 0.856
0 0 0 0 1 1 45 0.711 0.759 0.792 0.802 0.814 0.799 0.809
0 0 0 0 1 1 46 0.671 0.740 0.786 0.807 0.826 0.819 0.839
0 0 0 0 1 1 47 0.608 0.671 0.718 0.747 0.749 0.744 0.767
## root/medium_muon_2016BF/2016BF_IsoMu24_minus.root muonEffi_mc_eta_pt
ETA 0 1 48 -1 -2.4 -2.3 -2.2 -2.1 -2.0 -1.9 -1.8 -1.7 -1.6 -1.5 -1.4 -1.3 -1.2 -1.1 -1.0 -0.9 -0.8 -0.7 -0.6 -0.5 -0.4 -0.3 -0.2 -0.1 0.0 0.1 0.2 0.3 0.4 0.5 0.6 0.7 0.8 0.9 1.0 1.1 1.2 1.3 1.4 1.5 1.6 1.7 1.8 1.9 2.0 2.1 2.2 2.3 2.4
PT 0 1 7 -1 26.0 30.0 35.0 40.0 45.0 50.0 60.0 120.0
0 0 0 1 1 1 0 0.757 0.792 0.813 0.826 0.834 0.831 0.849
0 0 0 1 1 1 1 0.823 0.850 0.868 0.882 0.897 0.895 0.889
0 0 0 1 1 1 2 0.730 0.770 0.782 0.792 0.799 0.804 0.805
0 0 0 1 1 1 3 0.816 0.838 0.851 0.871 0.873 0.867 0.874
0 0 0 1 1 1 4 0.841 0.855 0.879 0.895 0.893 0.895 0.902
0 0 0 1 1 1 5 0.826 0.852 0.864 0.877 0.881 0.883 0.891
0 0 0 1 1 1 6 0.694 0.730 0.749 0.754 0.755 0.762 0.761
0 0 0 1 1 1 7 0.830 0.851 0.875 0.881 0.891 0.892 0.891
0 0 0 1 1 1 8 0.757 0.807 0.848 0.860 0.869 0.875 0.883
0 0 0 1 1 1 9 0.817 0.833 0.849 0.857 0.863 0.858 0.862
0 0 0 1 1 1 10 0.868 0.889 0.907 0.917 0.920 0.926 0.921
0 0 0 1 1 1 11 0.879 0.905 0.924 0.934 0.943 0.945 0.951
0 0 0 1 1 1 12 0.881 0.908 0.932 0.943 0.948 0.948 0.958
0 0 0 1 1 1 13 0.889 0.930 0.956 0.968 0.974 0.975 0.976
0 0 0 1 1 1 14 0.884 0.924 0.948 0.955 0.961 0.957 0.956
0 0 0 1 1 1 15 0.833 0.854 0.867 0.876 0.885 0.876 0.881
0 0 0 1 1 1 16 0.896 0.917 0.930 0.941 0.944 0.946 0.940
0 0 0 1 1 1 17 0.908 0.932 0.945 0.957 0.962 0.963 0.970
0 0 0 1 1 1 18 0.915 0.927 0.942 0.956 0.958 0.963 0.965
0 0 0 1 1 1 19 0.915 0.938 0.954 0.966 0.969 0.975 0.973
0 0 0 1 1 1 20 0.892 0.920 0.939 0.952 0.953 0.955 0.956
0 0 0 1 1 1 21 0.794 0.820 0.826 0.836 0.835 0.838 0.843
0 0 0 1 1 1 22 0.874 0.901 0.921 0.929 0.934 0.937 0.941
0 0 0 1 1 1 23 0.910 0.930 0.949 0.965 0.969 0.970 0.977
0 0 0 1 1 1 24 0.903 0.933 0.952 0.966 0.968 0.972 0.977
0 0 0 1 1 1 25 0.882 0.906 0.921 0.935 0.939 0.941 0.940
0 0 0 1 1 1 26 0.780 0.808 0.817 0.830 0.833 0.832 0.837
0 0 0 1 1 1 27 0.886 0.915 0.931 0.940 0.945 0.942 0.938
0 0 0 1 1 1 28 0.912 0.939 0.953 0.964 0.967 0.970 0.966
0 0 0 1 1 1 29 0.908 0.928 0.942 0.956 0.957 0.960 0.959
0 0 0 1 1 1 30 0.904 0.931 0.942 0.954 0.957 0.960 0.963
0 0 0 1 1 1 31 0.899 0.911 0.929 0.933 0.940 0.943 0.937
0 0 0 1 1 1 32 0.844 0.866 0.886 0.893 0.900 0.897 0.896
0 0 0 1 1 1 33 0.902 0.926 0.950 0.962 0.964 0.964 0.971
0 0 0 1 1 1 34 0.907 0.933 0.966 0.972 0.975 0.981 0.979
0 0 0 1 1 1 35 0.880 0.910 0.935 0.947 0.951 0.950 0.949
0 0 0 1 1 1 36 0.883 0.903 0.923 0.937 0.937 0.943 0.947
0 0 0 1 1 1 37 0.862 0.885 0.900 0.912 0.918 0.921 0.927
0 0 0 1 1 1 38 0.807 0.822 0.845 0.854 0.855 0.860 0.853
0 0 0 1 1 1 39 0.777 0.819 0.859 0.880 0.881 0.884 0.881
0 0 0 1 1 1 40 0.854 0.877 0.896 0.909 0.922 0.917 0.919
0 0 0 1 1 1 41 0.767 0.785 0.794 0.808 0.810 0.805 0.802
0 0 0 1 1 1 42 0.826 0.850 0.867 0.882 0.882 0.887 0.883
0 0 0 1 1 1 43 0.847 0.873 0.888 0.899 0.910 0.911 0.906
0 0 0 1 1 1 44 0.806 0.838 0.857 0.873 0.873 0.883 0.874
0 0 0 1 1 1 45 0.736 0.765 0.786 0.804 0.806 0.811 0.837
0 0 0 1 1 1 46 0.822 0.852 0.872 0.888 0.897 0.895 0.907
0 0 0 1 1 1 47 0.769 0.801 0.828 0.848 0.852 0.850 0.857
## root/medium_muon_2016BF/2016BF_Mu17_plus.root muonEffi_data_eta_pt
ETA 0 2 48 -1 -2.4 -2.3 -2.2 -2.1 -2.0 -1.9 -1.8 -1.7 -1.6 -1.5 -1.4 -1.3 -1.2 -1.1 -1.0 -0.9 -0.8 -0.7 -0.6 -0.5 -0.4 -0.3 -0.2 -0.1 0.0 0.1 0.2 0.3 0.4 0.5 0.6 0.7 0.8 0.9 1.0 1.1 1.2 1.3 1.4 1.5 1.6 1.7 1.8 1.9 2.0 2.1 2.2 2.3 2.4
PT 0 2 8 -1 20.0 25.0 30.0 35.0 40.0 45.0 50.0 60.0 120.0
0 0 0 0 2 0 0 0.733 0.763 0.798 0.814 0.824 0.821 0.836 0.830
0 0 0 0 2 0 1 0.828 0.859 0.867 0.880 0.890 0.895 0.893 0.895
0 0 0 0 2 0 2 0.848 0.874 0.878 0.892 0.893 0.902 0.899 0.901
0 0 0 0 2 0 3 0.870 0.891 0.895 0.902 0.909 0.910 0.916 0.916
0 0 0 0 2 0 4 0.896 0.906 0.904 0.917 0.918 0.919 0.922 0.922
0 0 0 0 2 0 5 0.916 0.922 0.923 0.927 0.926 0.924 0.930 0.926
0 0 0 0 2 0 6 0.879 0.891 0.884 0.890 0.888 0.887 0.893 0.883
0 0 0 0 2 0 7 0.922 0.929 0.925 0.924 0.922 0.926 0.924 0.920
0 0 0 0 2 0 8 0.957 0.956 0.955 0.955 0.951 0.953 0.949 0.945
0 0 0 0 2 0 9 0.957 0.959 0.951 0.949 0.951 0.951 0.948 0.938
0 0 0 0 2 0 10 0.961 0.969 0.970 0.968 0.971 0.972 0.971 0.964
0 0 0 0 2 0 11 0.937 0.942 0.947 0.949 0.951 0.953 0.955 0.960
0 0 0 0 2 0 12 0.902 0.911 0.911 0.913 0.911 0.915 0.905 0.916
0 0 0 0 2 0 13 0.959 0.962 0.958 0.960 0.959 0.964 0.962 0.964
0 0 0 0 2 0 14 0.949 0.946 0.946 0.943 0.941 0.944 0.942 0.947
0 0 0 0 2 0 15 0.873 0.883 0.876 0.874 0.873 0.876 0.877 0.876
0 0 0 0 2 0 16 0.940 0.939 0.933 0.930 0.933 0.936 0.934 0.926
0 0 0 0 2 0 17 0.948 0.949 0.942 0.943 0.945 0.946 0.948 0.943
0 0 0 0 2 0 18 0.934 0.931 0.933 0.931 0.932 0.933 0.932 0.930
0 0 0 0 2 0 19 0.954 0.953 0.948 0.947 0.949 0.951 0.952 0.949
0 0 0 0 2 0 20 0.921 0.923 0.923 0.922 0.918 0.920 0.923 0.924
0 0 0 0 2 0 21 0.723 0.731 0.732 0.735 0.731 0.731 0.732 0.720
0 0 0 0 2 0 22 0.884 0.882 0.882 0.880 0.883 0.880 0.884 0.876
0 0 0 0 2 0 23 0.946 0.944 0.942 0.942 0.945 0.944 0.947 0.950
0 0 0 0 2 0 24 0.947 0.951 0.949 0.945 0.950 0.949 0.952 0.952
0 0 0 0 2 0 25 0.887 0.892 0.887 0.888 0.889 0.886 0.893 0.887
0 0 0 0 2 0 26 0.745 0.757 0.747 0.747 0.751 0.751 0.744 0.733
0 0 0 0 2 0 27 0.913 0.925 0.921 0.919 0.919 0.922 0.916 0.919
0 0 0 0 2 0 28 0.952 0.953 0.950 0.950 0.951 0.953 0.952 0.951
0 0 0 0 2 0 29 0.943 0.937 0.941 0.937 0.938 0.938 0.940 0.935
0 0 0 0 2 0 30 0.955 0.947 0.947 0.949 0.948 0.948 0.948 0.944
0 0 0 0 2 0 31 0.920 0.927 0.930 0.929 0.931 0.931 0.926 0.930
0 0 0 0 2 0 32 0.881 0.876 0.879 0.873 0.874 0.873 0.875 0.871
0 0 0 0 2 0 33 0.943 0.942 0.943 0.940 0.939 0.941 0.940 0.940
0 0 0 0 2 0 34 0.957 0.953 0.957 0.956 0.957 0.955 0.955 0.960
0 0 0 0 2 0 35 0.908 0.912 0.913 0.908 0.909 0.910 0.910 0.917
0 0 0 0 2 0 36 0.934 0.940 0.942 0.943 0.948 0.949 0.948 0.952
0 0 0 0 2 0 37 0.963 0.958 0.964 0.965 0.964 0.966 0.964 0.961
0 0 0 0 2 0 38 0.948 0.948 0.946 0.939 0.933 0.926 0.909 0.821
0 0 0 0 2 0 39 0.951 0.955 0.946 0.943 0.938 0.931 0.914 0.846
0 0 0 0 2 0 40 0.921 0.930 0.931 0.928 0.928 0.927 0.927 0.926
0 0 0 0 2 0 41 0.882 0.890 0.893 0.898 0.893 0.893 0.899 0.890
0 0 0 0 2 0 42 0.910 0.920 0.920 0.922 0.922 0.924 0.929 0.923
0 0 0 0 2 0 43 0.915 0.916 0.922 0.924 0.928 0.928 0.933 0.921
0 0 0 0 2 0 44 0.894 0.906 0.907 0.909 0.915 0.916 0.917 0.914
0 0 0 0 2 0 45 0.865 0.890 0.896 0.903 0.901 0.903 0.905 0.910
0 0 0 0 2 0 46 0.835 0.858 0.887 0.893 0.900 0.905 0.905 0.898
0 0 0 0 2 0 47 0.731 0.772 0.798 0.820 0.829 0.838 0.847 0.858
## root/medium_muon_2016BF/2016BF_Mu17_plus.root muonEffi_mc_eta_pt
ETA 0 2 48 -1 -2.4 -2.3 -2.2 -2.1 -2.0 -1.9 -1.8 -1.7 -1.6 -1.5 -1.4 -1.3 -1.2 -1.1 -1.0 -0.9 -0.8 -0.7 -0.6 -0.5 -0.4 -0.3 -0.2 -0.1 0.0 0.1 0.2 0.3 0.4 0.5 0.6 0.7 0.8 0.9 1.0 1.1 1.2 1.3 1.4 1.5 1.6 1.7 1.8 1.9 2.0 2.1 2.2 2.3 2.4
PT 0 2 8 -1 20.0 25.0 30.0 35.0 40.0 45.0 50.0 60.0 120.0
0 0 0 1 2 0 0 0.854 0.890 0.898 0.910 0.920 0.918 0.915 0.917
0 0 0 1 2 0 1 0.918 0.941 0.949 0.955 0.954 0.957 0.959 0.959
0 0 0 1 2 0 2 0.914 0.926 0.930 0.937 0.940 0.940 0.946 0.947
0 0 0 1 2 0 3 0.935 0.943 0.944 0.944 0.949 0.944 0.952 0.944
0 0 0 1 2 0 4 0.941 0.954 0.955 0.959 0.961 0.957 0.960 0.964
0 0 0 1 2 0 5 0.966 0.967 0.970 0.966 0.967 0.967 0.965 0.967
0 0 0 1 2 0 6 0.927 0.922 0.926 0.919 0.927 0.930 0.927 0.930
0 0 0 1 2 0 7 0.932 0.929 0.931 0.928 0.933 0.936 0.934 0.938
0 0 0 1 2 0 8 0.956 0.957 0.956 0.953 0.957 0.956 0.954 0.951
0 0 0 1 2 0 9 0.967 0.967 0.966 0.969 0.969 0.969 0.967 0.968
0 0 0 1 2 0 10 0.981 0.985 0.982 0.984 0.984 0.985 0.985 0.984
0 0 0 1 2 0 11 0.966 0.970 0.975 0.972 0.975 0.974 0.976 0.977
0 0 0 1 2 0 12 0.953 0.958 0.962 0.961 0.962 0.966 0.965 0.966
0 0 0 1 2 0 13 0.988 0.988 0.989 0.990 0.990 0.990 0.991 0.990
0 0 0 1 2 0 14 0.972 0.974 0.973 0.971 0.972 0.974 0.973 0.974
0 0 0 1 2 0 15 0.895 0.899 0.898 0.893 0.897 0.890 0.903 0.889
0 0 0 1 2 0 16 0.956 0.958 0.952 0.953 0.953 0.953 0.955 0.952
0 0 0 1 2 0 17 0.970 0.975 0.971 0.971 0.971 0.973 0.972 0.971
0 0 0 1 2 0 18 0.973 0.972 0.967 0.969 0.969 0.967 0.968 0.967
0 0 0 1 2 0 19 0.984 0.983 0.982 0.983 0.982 0.982 0.981 0.979
0 0 0 1 2 0 20 0.974 0.968 0.969 0.969 0.971 0.970 0.970 0.962
0 0 0 1 2 0 21 0.851 0.854 0.851 0.848 0.847 0.845 0.844 0.847
0 0 0 1 2 0 22 0.947 0.949 0.951 0.951 0.948 0.947 0.948 0.941
0 0 0 1 2 0 23 0.986 0.985 0.983 0.985 0.986 0.985 0.982 0.983
0 0 0 1 2 0 24 0.984 0.986 0.983 0.982 0.984 0.985 0.984 0.986
0 0 0 1 2 0 25 0.957 0.952 0.956 0.950 0.955 0.951 0.950 0.951
0 0 0 1 2 0 26 0.850 0.853 0.853 0.850 0.849 0.851 0.849 0.837
0 0 0 1 2 0 27 0.967 0.970 0.972 0.969 0.970 0.968 0.969 0.965
0 0 0 1 2 0 28 0.983 0.984 0.985 0.984 0.984 0.984 0.984 0.981
0 0 0 1 2 0 29 0.971 0.974 0.975 0.974 0.974 0.973 0.973 0.972
0 0 0 1 2 0 30 0.976 0.979 0.975 0.974 0.974 0.975 0.975 0.975
0 0 0 1 2 0 31 0.965 0.968 0.962 0.965 0.963 0.963 0.959 0.956
0 0 0 1 2 0 32 0.919 0.906 0.910 0.909 0.911 0.907 0.912 0.915
0 0 0 1 2 0 33 0.975 0.979 0.978 0.975 0.978 0.976 0.975 0.976
0 0 0 1 2 0 34 0.988 0.989 0.990 0.990 0.990 0.991 0.989 0.991
0 0 0 1 2 0 35 0.954 0.959 0.960 0.968 0.966 0.965 0.968 0.966
0 0 0 1 2 0 36 0.964 0.971 0.975 0.973 0.976 0.977 0.975 0.971
0 0 0 1 2 0 37 0.980 0.980 0.985 0.983 0.984 0.984 0.985 0.988
0 0 0 1 2 0 38 0.963 0.963 0.968 0.968 0.966 0.967 0.969 0.962
0 0 0 1 2 0 39 0.966 0.973 0.967 0.967 0.968 0.969 0.971 0.968
0 0 0 1 2 0 40 0.956 0.964 0.961 0.960 0.963 0.964 0.960 0.963
0 0 0 1 2 0 41 0.933 0.925 0.929 0.931 0.929 0.931 0.934 0.932
0 0 0 1 2 0 42 0.966 0.966 0.967 0.970 0.971 0.970 0.969 0.963
0 0 0 1 2 0 43 0.961 0.963 0.967 0.967 0.969 0.970 0.967 0.971
0 0 0 1 2 0 44 0.942 0.947 0.949 0.951 0.949 0.953 0.960 0.948
0 0 0 1 2 0 45 0.926 0.945 0.944 0.950 0.950 0.949 0.950 0.951
0 0 0 1 2 0 46 0.935 0.950 0.955 0.958 0.963 0.966 0.966 0.968
0 0 0 1 2 0 47 0.880 0.902 0.911 0.924 0.932 0.935 0.932 0.942
## root/medium_muon_2016BF/2016BF_Mu17_minus.root muonEffi_data_eta_pt
ETA 0 2 48 -1 -2.4 -2.3 -2.2 -2.1 -2.0 -1.9 -1.8 -1.7 -1.6 -1.5 -1.4 -1.3 -1.2 -1.1 -1.0 -0.9 -0.8 -0.7 -0.6 -0.5 -0.4 -0.3 -0.2 -0.1 0.0 0.1 0.2 0.3 0.4 0.5 0.6 0.7 0.8 0.9 1.0 1.1 1.2 1.3 1.4 1.5 1.6 1.7 1.8 1.9 2.0 2.1 2.2 2.3 2.4
PT 0 2 8 -1 20.0 25.0 30.0 35.0 40.0 45.0 50.0 60.0 120.0
0 0 0 0 2 1 0 0.738 0.785 0.813 0.821 0.833 0.842 0.839 0.846
0 0 0 0 2 1 1 0.842 0.867 0.885 0.897 0.905 0.909 0.909 0.910
0 0 0 0 2 1 2 0.863 0.886 0.896 0.899 0.901 0.904 0.908 0.910
0 0 0 0 2 1 3 0.878 0.893 0.905 0.912 0.914 0.913 0.918 0.905
0 0 0 0 2 1 4 0.900 0.910 0.912 0.922 0.921 0.922 0.924 0.919
0 0 0 0 2 1 5 0.909 0.925 0.922 0.928 0.926 0.927 0.934 0.927
0 0 0 0 2 1 6 0.872 0.888 0.893 0.889 0.893 0.889 0.890 0.891
0 0 0 0 2 1 7 0.926 0.923 0.923 0.922 0.921 0.920 0.922 0.924
0 0 0 0 2 1 8 0.946 0.948 0.946 0.939 0.926 0.911 0.880 0.771
0 0 0 0 2 1 9 0.940 0.940 0.934 0.926 0.912 0.885 0.837 0.664
0 0 0 0 2 1 10 0.962 0.966 0.968 0.968 0.971 0.973 0.970 0.968
0 0 0 0 2 1 11 0.927 0.946 0.946 0.947 0.952 0.954 0.956 0.956
0 0 0 0 2 1 12 0.904 0.908 0.909 0.908 0.910 0.908 0.903 0.910
0 0 0 0 2 1 13 0.955 0.955 0.957 0.957 0.959 0.959 0.964 0.953
0 0 0 0 2 1 14 0.947 0.945 0.945 0.940 0.939 0.942 0.941 0.942
0 0 0 0 2 1 15 0.895 0.886 0.886 0.879 0.879 0.882 0.880 0.882
0 0 0 0 2 1 16 0.942 0.942 0.940 0.941 0.940 0.941 0.940 0.934
0 0 0 0 2 1 17 0.950 0.952 0.951 0.951 0.948 0.949 0.953 0.952
0 0 0 0 2 1 18 0.945 0.941 0.941 0.936 0.938 0.938 0.938 0.938
0 0 0 0 2 1 19 0.960 0.962 0.955 0.956 0.956 0.955 0.955 0.952
0 0 0 0 2 1 20 0.933 0.925 0.923 0.925 0.925 0.923 0.925 0.925
0 0 0 0 2 1 21 0.724 0.735 0.734 0.733 0.734 0.732 0.731 0.720
0 0 0 0 2 1 22 0.895 0.891 0.892 0.890 0.888 0.886 0.884 0.891
0 0 0 0 2 1 23 0.950 0.953 0.947 0.948 0.947 0.949 0.949 0.953
0 0 0 0 2 1 24 0.951 0.952 0.952 0.949 0.951 0.953 0.955 0.950
0 0 0 0 2 1 25 0.895 0.895 0.895 0.894 0.897 0.894 0.891 0.896
0 0 0 0 2 1 26 0.744 0.748 0.757 0.756 0.754 0.753 0.751 0.741
0 0 0 0 2 1 27 0.940 0.928 0.927 0.925 0.926 0.929 0.926 0.927
0 0 0 0 2 1 28 0.962 0.963 0.958 0.959 0.959 0.959 0.958 0.959
0 0 0 0 2 1 29 0.951 0.950 0.948 0.943 0.944 0.944 0.943 0.940
0 0 0 0 2 1 30 0.957 0.954 0.954 0.951 0.952 0.952 0.954 0.952
0 0 0 0 2 1 31 0.945 0.942 0.937 0.938 0.936 0.937 0.939 0.928
0 0 0 0 2 1 32 0.888 0.882 0.878 0.881 0.879 0.879 0.878 0.875
0 0 0 0 2 1 33 0.942 0.939 0.941 0.935 0.938 0.935 0.938 0.945
0 0 0 0 2 1 34 0.946 0.953 0.954 0.954 0.954 0.954 0.956 0.960
0 0 0 0 2 1 35 0.893 0.903 0.899 0.904 0.903 0.907 0.911 0.902
0 0 0 0 2 1 36 0.922 0.938 0.938 0.940 0.940 0.943 0.946 0.941
0 0 0 0 2 1 37 0.953 0.958 0.962 0.960 0.961 0.963 0.963 0.956
0 0 0 0 2 1 38 0.947 0.941 0.942 0.942 0.940 0.935 0.945 0.933
0 0 0 0 2 1 39 0.949 0.944 0.942 0.940 0.941 0.938 0.942 0.939
0 0 0 0 2 1 40 0.930 0.928 0.930 0.928 0.928 0.928 0.929 0.931
0 0 0 0 2 1 41 0.883 0.900 0.890 0.889 0.893 0.894 0.892 0.884
0 0 0 0 2 1 42 0.909 0.917 0.919 0.923 0.921 0.925 0.923 0.927
0 0 0 0 2 1 43 0.898 0.914 0.917 0.922 0.924 0.924 0.927 0.929
0 0 0 0 2 1 44 0.872 0.898 0.905 0.910 0.912 0.916 0.908 0.911
0 0 0 0 2 1 45 0.856 0.873 0.886 0.894 0.897 0.901 0.902 0.906
0 0 0 0 2 1 46 0.833 0.851 0.876 0.879 0.891 0.898 0.898 0.914
0 0 0 0 2 1 47 0.739 0.765 0.791 0.803 0.815 0.823 0.815 0.819
## root/medium_muon_2016BF/2016BF_Mu17_minus.root muonEffi_mc_eta_pt
ETA 0 2 48 -1 -2.4 -2.3 -2.2 -2.1 -2.0 -1.9 -1.8 -1.7 -1.6 -1.5 -1.4 -1.3 -1.2 -1.1 -1.0 -0.9 -0.8 -0.7 -0.6 -0.5 -0.4 -0.3 -0.2 -0.1 0.0 0.1 0.2 0.3 0.4 0.5 0.6 0.7 0.8 0.9 1.0 1.1 1.2 1.3 1.4 1.5 1.6 1.7 1.8 1.9 2.0 2.1 2.2 2.3 2.4
PT 0 2 8 -1 20.0 25.0 30.0 35.0 40.0 45.0 50.0 60.0 120.0
0 0 0 1 2 1 0 0.858 0.894 0.905 0.918 0.923 0.924 0.914 0.924
0 0 0 1 2 1 1 0.925 0.946 0.953 0.955 0.960 0.963 0.966 0.955
0 0 0 1 2 1 2 0.921 0.931 0.937 0.939 0.941 0.945 0.940 0.946
0 0 0 1 2 1 3 0.936 0.944 0.943 0.944 0.950 0.945 0.946 0.956
0 0 0 1 2 1 4 0.955 0.952 0.956 0.962 0.961 0.962 0.957 0.962
0 0 0 1 2 1 5 0.960 0.965 0.965 0.968 0.968 0.969 0.968 0.969
0 0 0 1 2 1 6 0.916 0.907 0.909 0.917 0.915 0.914 0.926 0.928
0 0 0 1 2 1 7 0.929 0.935 0.932 0.933 0.929 0.935 0.933 0.937
0 0 0 1 2 1 8 0.951 0.954 0.957 0.959 0.954 0.953 0.957 0.953
0 0 0 1 2 1 9 0.963 0.970 0.968 0.970 0.969 0.966 0.965 0.965
0 0 0 1 2 1 10 0.976 0.984 0.983 0.985 0.984 0.986 0.986 0.981
0 0 0 1 2 1 11 0.962 0.964 0.972 0.974 0.973 0.974 0.974 0.978
0 0 0 1 2 1 12 0.955 0.956 0.961 0.958 0.963 0.960 0.961 0.966
0 0 0 1 2 1 13 0.987 0.987 0.989 0.989 0.991 0.991 0.991 0.990
0 0 0 1 2 1 14 0.971 0.972 0.972 0.972 0.971 0.972 0.971 0.972
0 0 0 1 2 1 15 0.912 0.910 0.903 0.902 0.902 0.906 0.899 0.896
0 0 0 1 2 1 16 0.972 0.970 0.972 0.969 0.968 0.968 0.964 0.958
0 0 0 1 2 1 17 0.982 0.980 0.982 0.981 0.980 0.981 0.980 0.982
0 0 0 1 2 1 18 0.979 0.981 0.980 0.976 0.978 0.979 0.979 0.978
0 0 0 1 2 1 19 0.986 0.987 0.985 0.985 0.987 0.987 0.988 0.984
0 0 0 1 2 1 20 0.973 0.977 0.977 0.973 0.975 0.975 0.975 0.973
0 0 0 1 2 1 21 0.854 0.865 0.863 0.856 0.857 0.852 0.851 0.857
0 0 0 1 2 1 22 0.961 0.953 0.954 0.952 0.954 0.950 0.952 0.953
0 0 0 1 2 1 23 0.988 0.989 0.986 0.985 0.987 0.986 0.985 0.987
0 0 0 1 2 1 24 0.986 0.987 0.985 0.986 0.985 0.986 0.988 0.986
0 0 0 1 2 1 25 0.961 0.961 0.958 0.956 0.956 0.956 0.955 0.951
0 0 0 1 2 1 26 0.853 0.855 0.854 0.849 0.851 0.851 0.842 0.844
0 0 0 1 2 1 27 0.974 0.970 0.969 0.970 0.967 0.968 0.963 0.963
0 0 0 1 2 1 28 0.986 0.985 0.986 0.986 0.985 0.985 0.987 0.982
0 0 0 1 2 1 29 0.977 0.979 0.976 0.974 0.975 0.973 0.974 0.968
0 0 0 1 2 1 30 0.977 0.980 0.978 0.976 0.976 0.976 0.974 0.978
0 0 0 1 2 1 31 0.967 0.965 0.961 0.962 0.957 0.961 0.961 0.961
0 0 0 1 2 1 32 0.922 0.920 0.915 0.913 0.910 0.911 0.905 0.903
0 0 0 1 2 1 33 0.983 0.973 0.975 0.976 0.978 0.975 0.973 0.979
0 0 0 1 2 1 34 0.985 0.989 0.986 0.988 0.989 0.990 0.991 0.989
0 0 0 1 2 1 35 0.952 0.964 0.962 0.963 0.961 0.964 0.965 0.965
0 0 0 1 2 1 36 0.967 0.972 0.971 0.973 0.975 0.972 0.973 0.973
0 0 0 1 2 1 37 0.980 0.982 0.984 0.985 0.984 0.985 0.985 0.982
0 0 0 1 2 1 38 0.971 0.961 0.964 0.966 0.967 0.969 0.968 0.964
0 0 0 1 2 1 39 0.973 0.971 0.973 0.968 0.969 0.972 0.969 0.967
0 0 0 1 2 1 40 0.961 0.956 0.961 0.961 0.960 0.962 0.960 0.963
0 0 0 1 2 1 41 0.949 0.940 0.941 0.943 0.941 0.943 0.946 0.939
0 0 0 1 2 1 42 0.960 0.966 0.968 0.969 0.968 0.971 0.970 0.967
0 0 0 1 2 1 43 0.965 0.967 0.968 0.969 0.968 0.967 0.970 0.968
0 0 0 1 2 1 44 0.946 0.945 0.952 0.953 0.956 0.948 0.959 0.947
0 0 0 1 2 1 45 0.937 0.931 0.948 0.954 0.952 0.955 0.956 0.953
0 0 0 1 2 1 46 0.929 0.948 0.957 0.960 0.965 0.963 0.969 0.975
0 0 0 1 2 1 47 0.889 0.904 0.921 0.922 0.935 0.938 0.930 0.936
## root/medium_muon_2016BF/2016BF_Mu8_plus.root muonEffi_data_eta_pt
ETA 0 3 48 -1 -2.4 -2.3 -2.2 -2.1 -2.0 -1.9 -1.8 -1.7 -1.6 -1.5 -1.4 -1.3 -1.2 -1.1 -1.0 -0.9 -0.8 -0.7 -0.6 -0.5 -0.4 -0.3 -0.2 -0.1 0.0 0.1 0.2 0.3 0.4 0.5 0.6 0.7 0.8 0.9 1.0 1.1 1.2 1.3 1.4 1.5 1.6 1.7 1.8 1.9 2.0 2.1 2.2 2.3 2.4
PT 0 3 10 -1 10.0 15.0 20.0 25.0 30.0 35.0 40.0 45.0 50.0 60.0 120.0
0 0 0 0 3 0 0 0.890 0.897 0.908 0.904 0.914 0.919 0.917 0.913 0.916 0.910
0 0 0 0 3 0 1 0.933 0.947 0.951 0.954 0.953 0.952 0.955 0.958 0.952 0.949
0 0 0 0 3 0 2 0.922 0.939 0.943 0.948 0.945 0.950 0.947 0.950 0.948 0.946
0 0 0 0 3 0 3 0.936 0.943 0.944 0.949 0.950 0.948 0.952 0.952 0.951 0.951
0 0 0 0 3 0 4 0.952 0.952 0.956 0.956 0.952 0.957 0.954 0.953 0.954 0.955
0 0 0 0 3 0 5 0.958 0.951 0.957 0.957 0.955 0.959 0.955 0.954 0.958 0.957
0 0 0 0 3 0 6 0.928 0.906 0.918 0.919 0.914 0.919 0.915 0.914 0.918 0.907
0 0 0 0 3 0 7 0.946 0.949 0.943 0.947 0.943 0.943 0.942 0.943 0.942 0.941
0 0 0 0 3 0 8 0.976 0.974 0.981 0.980 0.978 0.980 0.978 0.979 0.977 0.974
0 0 0 0 3 0 9 0.973 0.979 0.981 0.984 0.982 0.980 0.981 0.981 0.980 0.976
0 0 0 0 3 0 10 0.978 0.982 0.984 0.986 0.986 0.984 0.984 0.985 0.983 0.978
0 0 0 0 3 0 11 0.966 0.977 0.981 0.979 0.981 0.979 0.979 0.980 0.981 0.981
0 0 0 0 3 0 12 0.962 0.965 0.962 0.963 0.961 0.961 0.959 0.960 0.956 0.958
0 0 0 0 3 0 13 0.974 0.976 0.975 0.978 0.976 0.977 0.975 0.977 0.977 0.975
0 0 0 0 3 0 14 0.955 0.960 0.964 0.961 0.963 0.960 0.957 0.961 0.960 0.961
0 0 0 0 3 0 15 0.912 0.905 0.898 0.904 0.900 0.900 0.898 0.900 0.900 0.900
0 0 0 0 3 0 16 0.943 0.950 0.955 0.954 0.950 0.947 0.948 0.951 0.949 0.944
0 0 0 0 3 0 17 0.960 0.958 0.963 0.962 0.959 0.959 0.960 0.960 0.961 0.957
0 0 0 0 3 0 18 0.940 0.943 0.950 0.948 0.950 0.949 0.948 0.949 0.946 0.944
0 0 0 0 3 0 19 0.942 0.959 0.967 0.967 0.964 0.964 0.964 0.965 0.966 0.965
0 0 0 0 3 0 20 0.927 0.932 0.943 0.942 0.941 0.942 0.938 0.939 0.941 0.944
0 0 0 0 3 0 21 0.752 0.749 0.762 0.766 0.769 0.773 0.769 0.768 0.771 0.762
0 0 0 0 3 0 22 0.924 0.898 0.906 0.905 0.905 0.904 0.905 0.904 0.905 0.897
0 0 0 0 3 0 23 0.953 0.957 0.964 0.963 0.964 0.963 0.964 0.963 0.966 0.966
0 0 0 0 3 0 24 0.967 0.967 0.966 0.969 0.967 0.965 0.967 0.967 0.969 0.968
0 0 0 0 3 0 25 0.894 0.906 0.909 0.910 0.908 0.910 0.910 0.906 0.911 0.908
0 0 0 0 3 0 26 0.759 0.769 0.787 0.796 0.789 0.790 0.793 0.794 0.785 0.777
0 0 0 0 3 0 27 0.946 0.939 0.935 0.945 0.939 0.940 0.938 0.940 0.935 0.935
0 0 0 0 3 0 28 0.956 0.962 0.967 0.968 0.966 0.966 0.965 0.967 0.965 0.967
0 0 0 0 3 0 29 0.942 0.951 0.956 0.952 0.956 0.952 0.952 0.953 0.954 0.950
0 0 0 0 3 0 30 0.959 0.961 0.965 0.960 0.961 0.963 0.961 0.960 0.960 0.956
0 0 0 0 3 0 31 0.939 0.941 0.941 0.944 0.947 0.946 0.946 0.946 0.943 0.945
0 0 0 0 3 0 32 0.915 0.912 0.907 0.904 0.905 0.899 0.899 0.899 0.901 0.901
0 0 0 0 3 0 33 0.981 0.963 0.961 0.960 0.960 0.957 0.957 0.958 0.957 0.958
0 0 0 0 3 0 34 0.974 0.978 0.977 0.972 0.976 0.973 0.973 0.971 0.970 0.973
0 0 0 0 3 0 35 0.953 0.952 0.966 0.964 0.964 0.959 0.961 0.961 0.958 0.964
0 0 0 0 3 0 36 0.975 0.977 0.975 0.975 0.979 0.975 0.977 0.976 0.975 0.977
0 0 0 0 3 0 37 0.973 0.979 0.983 0.978 0.979 0.979 0.978 0.980 0.977 0.974
0 0 0 0 3 0 38 0.978 0.975 0.976 0.975 0.975 0.973 0.974 0.974 0.972 0.974
0 0 0 0 3 0 39 0.969 0.971 0.972 0.974 0.969 0.971 0.970 0.969 0.968 0.966
0 0 0 0 3 0 40 0.951 0.945 0.944 0.948 0.949 0.947 0.947 0.946 0.946 0.944
0 0 0 0 3 0 41 0.928 0.908 0.916 0.920 0.918 0.923 0.918 0.918 0.923 0.916
0 0 0 0 3 0 42 0.955 0.950 0.953 0.958 0.952 0.955 0.954 0.952 0.958 0.952
0 0 0 0 3 0 43 0.964 0.960 0.960 0.959 0.957 0.959 0.959 0.959 0.960 0.952
0 0 0 0 3 0 44 0.942 0.951 0.957 0.957 0.952 0.948 0.952 0.952 0.952 0.949
0 0 0 0 3 0 45 0.943 0.953 0.951 0.956 0.952 0.954 0.950 0.951 0.949 0.948
0 0 0 0 3 0 46 0.957 0.946 0.957 0.953 0.954 0.955 0.956 0.956 0.953 0.944
0 0 0 0 3 0 47 0.886 0.886 0.900 0.899 0.908 0.913 0.912 0.909 0.911 0.908
## root/medium_muon_2016BF/2016BF_Mu8_plus.root muonEffi_mc_eta_pt
ETA 0 3 48 -1 -2.4 -2.3 -2.2 -2.1 -2.0 -1.9 -1.8 -1.7 -1.6 -1.5 -1.4 -1.3 -1.2 -1.1 -1.0 -0.9 -0.8 -0.7 -0.6 -0.5 -0.4 -0.3 -0.2 -0.1 0.0 0.1 0.2 0.3 0.4 0.5 0.6 0.7 0.8 0.9 1.0 1.1 1.2 1.3 1.4 1.5 1.6 1.7 1.8 1.9 2.0 2.1 2.2 2.3 2.4
PT 0 3 10 -1 10.0 15.0 20.0 25.0 30.0 35.0 40.0 45.0 50.0 60.0 120.0
0 0 0 1 3 0 0 0.922 0.948 0.941 0.941 0.941 0.949 0.951 0.948 0.941 0.944
0 0 0 1 3 0 1 0.959 0.970 0.971 0.975 0.974 0.977 0.974 0.975 0.975 0.972
0 0 0 1 3 0 2 0.935 0.949 0.948 0.955 0.952 0.957 0.956 0.955 0.960 0.966
0 0 0 1 3 0 3 0.947 0.956 0.959 0.960 0.959 0.959 0.962 0.959 0.962 0.957
0 0 0 1 3 0 4 0.973 0.967 0.960 0.968 0.970 0.970 0.971 0.967 0.971 0.974
0 0 0 1 3 0 5 0.973 0.977 0.978 0.977 0.977 0.974 0.976 0.973 0.971 0.974
0 0 0 1 3 0 6 0.929 0.946 0.944 0.930 0.935 0.928 0.936 0.938 0.936 0.940
0 0 0 1 3 0 7 0.929 0.935 0.939 0.935 0.938 0.934 0.940 0.942 0.941 0.944
0 0 0 1 3 0 8 0.947 0.960 0.962 0.961 0.959 0.957 0.962 0.960 0.958 0.955
0 0 0 1 3 0 9 0.968 0.972 0.973 0.974 0.971 0.973 0.974 0.974 0.973 0.973
0 0 0 1 3 0 10 0.992 0.985 0.986 0.990 0.987 0.989 0.988 0.989 0.988 0.988
0 0 0 1 3 0 11 0.977 0.984 0.984 0.984 0.986 0.984 0.985 0.984 0.986 0.986
0 0 0 1 3 0 12 0.980 0.988 0.982 0.984 0.983 0.982 0.981 0.984 0.982 0.984
0 0 0 1 3 0 13 0.995 0.995 0.995 0.994 0.995 0.996 0.995 0.995 0.995 0.994
0 0 0 1 3 0 14 0.982 0.985 0.982 0.981 0.980 0.980 0.979 0.980 0.982 0.979
0 0 0 1 3 0 15 0.915 0.909 0.909 0.912 0.912 0.909 0.912 0.905 0.916 0.906
0 0 0 1 3 0 16 0.961 0.956 0.964 0.963 0.959 0.959 0.960 0.960 0.961 0.959
0 0 0 1 3 0 17 0.964 0.971 0.974 0.978 0.976 0.975 0.975 0.976 0.976 0.976
0 0 0 1 3 0 18 0.966 0.974 0.975 0.974 0.972 0.973 0.973 0.971 0.973 0.972
0 0 0 1 3 0 19 0.977 0.985 0.986 0.985 0.986 0.986 0.985 0.985 0.985 0.982
0 0 0 1 3 0 20 0.966 0.974 0.980 0.973 0.975 0.974 0.976 0.975 0.975 0.968
0 0 0 1 3 0 21 0.876 0.864 0.874 0.875 0.876 0.872 0.871 0.871 0.869 0.872
0 0 0 1 3 0 22 0.948 0.943 0.951 0.954 0.955 0.956 0.953 0.952 0.952 0.946
0 0 0 1 3 0 23 0.980 0.985 0.989 0.988 0.988 0.989 0.989 0.988 0.985 0.987
0 0 0 1 3 0 24 0.979 0.990 0.988 0.989 0.987 0.986 0.988 0.988 0.987 0.988
0 0 0 1 3 0 25 0.962 0.948 0.960 0.956 0.960 0.955 0.959 0.955 0.953 0.957
0 0 0 1 3 0 26 0.856 0.859 0.872 0.873 0.874 0.872 0.870 0.872 0.871 0.857
0 0 0 1 3 0 27 0.973 0.969 0.971 0.975 0.976 0.974 0.975 0.973 0.973 0.969
0 0 0 1 3 0 28 0.983 0.979 0.985 0.987 0.987 0.987 0.986 0.987 0.986 0.983
0 0 0 1 3 0 29 0.962 0.975 0.975 0.976 0.980 0.977 0.978 0.976 0.977 0.974
0 0 0 1 3 0 30 0.980 0.984 0.979 0.983 0.980 0.979 0.978 0.978 0.977 0.978
0 0 0 1 3 0 31 0.967 0.975 0.971 0.974 0.970 0.972 0.969 0.970 0.966 0.964
0 0 0 1 3 0 32 0.934 0.918 0.935 0.920 0.927 0.925 0.927 0.924 0.928 0.930
0 0 0 1 3 0 33 0.998 0.984 0.987 0.986 0.985 0.983 0.986 0.984 0.983 0.983
0 0 0 1 3 0 34 0.990 0.995 0.995 0.996 0.996 0.996 0.995 0.996 0.995 0.997
0 0 0 1 3 0 35 0.988 0.979 0.984 0.984 0.984 0.987 0.986 0.985 0.987 0.985
0 0 0 1 3 0 36 0.984 0.982 0.985 0.986 0.987 0.986 0.987 0.987 0.987 0.982
0 0 0 1 3 0 37 0.986 0.987 0.988 0.987 0.990 0.988 0.987 0.988 0.988 0.991
0 0 0 1 3 0 38 0.968 0.973 0.974 0.969 0.975 0.973 0.972 0.974 0.976 0.972
0 0 0 1 3 0 39 0.966 0.974 0.975 0.977 0.973 0.973 0.973 0.973 0.975 0.972
0 0 0 1 3 0 40 0.960 0.963 0.966 0.971 0.966 0.965 0.968 0.969 0.965 0.969
0 0 0 1 3 0 41 0.958 0.957 0.949 0.938 0.939 0.942 0.938 0.941 0.945 0.941
0 0 0 1 3 0 42 0.974 0.980 0.979 0.976 0.977 0.978 0.978 0.977 0.976 0.972
0 0 0 1 3 0 43 0.976 0.976 0.978 0.978 0.977 0.978 0.978 0.979 0.977 0.979
0 0 0 1 3 0 44 0.961 0.971 0.966 0.968 0.966 0.967 0.966 0.966 0.972 0.964
0 0 0 1 3 0 45 0.969 0.963 0.969 0.968 0.967 0.968 0.967 0.966 0.967 0.964
0 0 0 1 3 0 46 0.977 0.980 0.982 0.981 0.980 0.980 0.982 0.982 0.982 0.981
0 0 0 1 3 0 47 0.947 0.951 0.954 0.960 0.959 0.961 0.961 0.962 0.957 0.961
## root/medium_muon_2016BF/2016BF_Mu8_minus.root muonEffi_data_eta_pt
ETA 0 3 48 -1 -2.4 -2.3 -2.2 -2.1 -2.0 -1.9 -1.8 -1.7 -1.6 -1.5 -1.4 -1.3 -1.2 -1.1 -1.0 -0.9 -0.8 -0.7 -0.6 -0.5 -0.4 -0.3 -0.2 -0.1 0.0 0.1 0.2 0.3 0.4 0.5 0.6 0.7 0.8 0.9 1.0 1.1 1.2 1.3 1.4 1.5 1.6 1.7 1.8 1.9 2.0 2.1 2.2 2.3 2.4
PT 0 3 10 -1 10.0 15.0 20.0 25.0 30.0 35.0 40.0 45.0 50.0 60.0 120.0
0 0 0 0 3 1 0 0.890 0.904 0.912 0.916 0.923 0.919 0.923 0.926 0.916 0.922
0 0 0 0 3 1 1 0.948 0.957 0.955 0.957 0.959 0.960 0.961 0.961 0.959 0.952
0 0 0 0 3 1 2 0.944 0.945 0.948 0.952 0.954 0.952 0.949 0.952 0.949 0.953
0 0 0 0 3 1 3 0.955 0.951 0.946 0.948 0.951 0.952 0.954 0.950 0.952 0.941
0 0 0 0 3 1 4 0.962 0.953 0.954 0.957 0.954 0.957 0.954 0.954 0.957 0.957
0 0 0 0 3 1 5 0.950 0.956 0.956 0.959 0.954 0.956 0.955 0.956 0.959 0.952
0 0 0 0 3 1 6 0.916 0.921 0.915 0.916 0.918 0.917 0.918 0.915 0.914 0.918
0 0 0 0 3 1 7 0.939 0.948 0.947 0.944 0.943 0.940 0.940 0.939 0.941 0.941
0 0 0 0 3 1 8 0.983 0.982 0.980 0.981 0.979 0.979 0.978 0.979 0.979 0.972
0 0 0 0 3 1 9 0.980 0.979 0.984 0.980 0.981 0.980 0.981 0.982 0.981 0.979
0 0 0 0 3 1 10 0.976 0.985 0.982 0.983 0.984 0.984 0.985 0.985 0.982 0.980
0 0 0 0 3 1 11 0.966 0.976 0.976 0.980 0.979 0.979 0.980 0.981 0.980 0.979
0 0 0 0 3 1 12 0.962 0.955 0.963 0.960 0.961 0.959 0.959 0.961 0.955 0.958
0 0 0 0 3 1 13 0.979 0.977 0.974 0.976 0.974 0.975 0.977 0.975 0.976 0.970
0 0 0 0 3 1 14 0.971 0.959 0.965 0.963 0.962 0.959 0.958 0.960 0.960 0.959
0 0 0 0 3 1 15 0.926 0.920 0.922 0.913 0.912 0.906 0.906 0.909 0.907 0.908
0 0 0 0 3 1 16 0.954 0.955 0.961 0.959 0.957 0.958 0.955 0.957 0.954 0.952
0 0 0 0 3 1 17 0.959 0.965 0.964 0.967 0.967 0.966 0.963 0.963 0.967 0.963
0 0 0 0 3 1 18 0.944 0.961 0.962 0.957 0.959 0.955 0.955 0.954 0.954 0.952
0 0 0 0 3 1 19 0.977 0.979 0.974 0.973 0.972 0.971 0.971 0.970 0.969 0.966
0 0 0 0 3 1 20 0.934 0.938 0.952 0.944 0.945 0.945 0.943 0.941 0.942 0.944
0 0 0 0 3 1 21 0.784 0.765 0.763 0.772 0.769 0.771 0.770 0.765 0.770 0.762
0 0 0 0 3 1 22 0.915 0.910 0.917 0.914 0.915 0.911 0.911 0.908 0.905 0.911
0 0 0 0 3 1 23 0.959 0.967 0.969 0.970 0.967 0.967 0.966 0.967 0.966 0.970
0 0 0 0 3 1 24 0.970 0.968 0.970 0.970 0.971 0.970 0.970 0.970 0.973 0.968
0 0 0 0 3 1 25 0.911 0.921 0.914 0.915 0.916 0.916 0.917 0.914 0.912 0.914
0 0 0 0 3 1 26 0.779 0.780 0.785 0.790 0.798 0.797 0.795 0.796 0.792 0.786
0 0 0 0 3 1 27 0.948 0.944 0.956 0.944 0.945 0.944 0.943 0.946 0.943 0.944
0 0 0 0 3 1 28 0.973 0.970 0.976 0.974 0.971 0.973 0.972 0.972 0.971 0.970
0 0 0 0 3 1 29 0.958 0.964 0.962 0.961 0.962 0.959 0.958 0.957 0.958 0.954
0 0 0 0 3 1 30 0.964 0.968 0.971 0.968 0.968 0.965 0.966 0.964 0.967 0.963
0 0 0 0 3 1 31 0.957 0.950 0.960 0.958 0.954 0.955 0.952 0.953 0.954 0.944
0 0 0 0 3 1 32 0.922 0.925 0.915 0.908 0.910 0.908 0.906 0.906 0.905 0.902
0 0 0 0 3 1 33 0.970 0.968 0.961 0.957 0.959 0.956 0.958 0.955 0.957 0.961
0 0 0 0 3 1 34 0.981 0.973 0.971 0.973 0.974 0.973 0.974 0.972 0.971 0.975
0 0 0 0 3 1 35 0.952 0.952 0.955 0.956 0.958 0.960 0.958 0.960 0.963 0.956
0 0 0 0 3 1 36 0.977 0.979 0.974 0.976 0.976 0.974 0.974 0.974 0.975 0.974
0 0 0 0 3 1 37 0.974 0.980 0.981 0.979 0.980 0.979 0.978 0.977 0.977 0.973
0 0 0 0 3 1 38 0.973 0.980 0.981 0.973 0.975 0.974 0.972 0.972 0.974 0.967
0 0 0 0 3 1 39 0.967 0.966 0.974 0.971 0.969 0.967 0.969 0.968 0.970 0.968
0 0 0 0 3 1 40 0.951 0.951 0.951 0.948 0.947 0.948 0.946 0.947 0.947 0.949
0 0 0 0 3 1 41 0.909 0.910 0.915 0.929 0.918 0.917 0.918 0.919 0.918 0.913
0 0 0 0 3 1 42 0.954 0.960 0.958 0.954 0.952 0.953 0.953 0.953 0.954 0.958
0 0 0 0 3 1 43 0.962 0.959 0.956 0.961 0.954 0.958 0.958 0.958 0.957 0.959
0 0 0 0 3 1 44 0.955 0.944 0.950 0.953 0.951 0.953 0.952 0.953 0.947 0.948
0 0 0 0 3 1 45 0.949 0.952 0.950 0.947 0.948 0.951 0.950 0.952 0.946 0.949
0 0 0 0 3 1 46 0.944 0.949 0.961 0.946 0.953 0.952 0.956 0.958 0.953 0.957
0 0 0 0 3 1 47 0.887 0.878 0.898 0.899 0.904 0.906 0.908 0.910 0.896 0.890
## root/medium_muon_2016BF/2016BF_Mu8_minus.root muonEffi_mc_eta_pt
ETA 0 3 48 -1 -2.4 -2.3 -2.2 -2.1 -2.0 -1.9 -1.8 -1.7 -1.6 -1.5 -1.4 -1.3 -1.2 -1.1 -1.0 -0.9 -0.8 -0.7 -0.6 -0.5 -0.4 -0.3 -0.2 -0.1 0.0 0.1 0.2 0.3 0.4 0.5 0.6 0.7 0.8 0.9 1.0 1.1 1.2 1.3 1.4 1.5 1.6 1.7 1.8 1.9 2.0 2.1 2.2 2.3 2.4
PT 0 3 10 -1 10.0 15.0 20.0 25.0 30.0 35.0 40.0 45.0 50.0 60.0 120.0
0 0 0 1 3 1 0 0.932 0.934 0.936 0.949 0.947 0.951 0.953 0.949 0.942 0.948
0 0 0 1 3 1 1 0.966 0.975 0.974 0.979 0.977 0.976 0.976 0.980 0.976 0.970
0 0 0 1 3 1 2 0.951 0.947 0.956 0.955 0.959 0.957 0.955 0.959 0.956 0.959
0 0 0 1 3 1 3 0.969 0.970 0.960 0.960 0.959 0.962 0.964 0.960 0.957 0.963
0 0 0 1 3 1 4 0.965 0.966 0.969 0.970 0.968 0.971 0.971 0.971 0.968 0.972
0 0 0 1 3 1 5 0.971 0.977 0.972 0.975 0.975 0.975 0.976 0.976 0.973 0.974
0 0 0 1 3 1 6 0.930 0.937 0.931 0.917 0.921 0.926 0.924 0.922 0.935 0.935
0 0 0 1 3 1 7 0.931 0.943 0.937 0.942 0.938 0.938 0.935 0.939 0.939 0.942
0 0 0 1 3 1 8 0.946 0.963 0.957 0.958 0.962 0.964 0.958 0.957 0.961 0.960
0 0 0 1 3 1 9 0.960 0.966 0.970 0.974 0.974 0.975 0.973 0.971 0.972 0.972
0 0 0 1 3 1 10 0.982 0.990 0.984 0.989 0.988 0.989 0.987 0.989 0.989 0.984
0 0 0 1 3 1 11 0.978 0.981 0.981 0.982 0.985 0.983 0.983 0.984 0.983 0.985
0 0 0 1 3 1 12 0.971 0.975 0.983 0.983 0.982 0.982 0.983 0.982 0.982 0.984
0 0 0 1 3 1 13 0.987 0.994 0.995 0.994 0.995 0.995 0.995 0.996 0.995 0.995
0 0 0 1 3 1 14 0.984 0.976 0.980 0.981 0.979 0.981 0.978 0.979 0.978 0.981
0 0 0 1 3 1 15 0.955 0.921 0.927 0.928 0.919 0.919 0.917 0.921 0.914 0.912
0 0 0 1 3 1 16 0.979 0.979 0.979 0.976 0.978 0.976 0.974 0.975 0.971 0.965
0 0 0 1 3 1 17 0.990 0.985 0.986 0.982 0.986 0.984 0.983 0.984 0.982 0.985
0 0 0 1 3 1 18 0.986 0.984 0.983 0.985 0.984 0.981 0.982 0.982 0.982 0.981
0 0 0 1 3 1 19 0.997 0.993 0.989 0.990 0.989 0.989 0.989 0.989 0.990 0.987
0 0 0 1 3 1 20 0.970 0.984 0.980 0.982 0.982 0.979 0.980 0.978 0.979 0.978
0 0 0 1 3 1 21 0.895 0.881 0.876 0.884 0.886 0.878 0.880 0.873 0.869 0.877
0 0 0 1 3 1 22 0.940 0.964 0.963 0.957 0.959 0.958 0.959 0.955 0.957 0.957
0 0 0 1 3 1 23 0.990 0.992 0.990 0.992 0.991 0.989 0.990 0.989 0.987 0.990
0 0 0 1 3 1 24 0.991 0.993 0.990 0.990 0.988 0.990 0.989 0.988 0.992 0.988
0 0 0 1 3 1 25 0.954 0.965 0.965 0.966 0.963 0.960 0.960 0.960 0.959 0.956
0 0 0 1 3 1 26 0.862 0.869 0.873 0.877 0.876 0.870 0.871 0.872 0.864 0.868
0 0 0 1 3 1 27 0.978 0.977 0.979 0.976 0.975 0.975 0.972 0.972 0.967 0.968
0 0 0 1 3 1 28 0.998 0.989 0.989 0.988 0.988 0.988 0.987 0.988 0.987 0.984
0 0 0 1 3 1 29 0.982 0.977 0.979 0.983 0.979 0.977 0.979 0.976 0.977 0.972
0 0 0 1 3 1 30 0.988 0.984 0.980 0.983 0.982 0.979 0.980 0.979 0.976 0.981
0 0 0 1 3 1 31 0.970 0.974 0.972 0.970 0.967 0.968 0.963 0.966 0.966 0.967
0 0 0 1 3 1 32 0.935 0.942 0.937 0.935 0.930 0.929 0.925 0.927 0.923 0.923
0 0 0 1 3 1 33 0.989 0.988 0.989 0.982 0.984 0.985 0.986 0.983 0.981 0.986
0 0 0 1 3 1 34 0.999 0.994 0.995 0.997 0.994 0.995 0.995 0.995 0.995 0.997
0 0 0 1 3 1 35 0.981 0.981 0.983 0.988 0.986 0.986 0.986 0.986 0.986 0.986
0 0 0 1 3 1 36 0.978 0.990 0.986 0.989 0.987 0.986 0.986 0.984 0.985 0.987
0 0 0 1 3 1 37 0.981 0.985 0.990 0.987 0.989 0.989 0.988 0.989 0.989 0.987
0 0 0 1 3 1 38 0.969 0.973 0.978 0.968 0.968 0.972 0.972 0.973 0.973 0.972
0 0 0 1 3 1 39 0.974 0.974 0.980 0.975 0.977 0.973 0.974 0.976 0.974 0.973
0 0 0 1 3 1 40 0.958 0.962 0.971 0.960 0.967 0.967 0.965 0.966 0.965 0.969
0 0 0 1 3 1 41 0.951 0.956 0.961 0.951 0.952 0.952 0.950 0.953 0.955 0.947
0 0 0 1 3 1 42 0.981 0.974 0.974 0.976 0.977 0.976 0.975 0.978 0.976 0.971
0 0 0 1 3 1 43 0.986 0.978 0.981 0.979 0.977 0.979 0.979 0.976 0.978 0.977
0 0 0 1 3 1 44 0.966 0.964 0.968 0.964 0.966 0.967 0.969 0.963 0.969 0.963
0 0 0 1 3 1 45 0.967 0.968 0.967 0.961 0.969 0.971 0.968 0.971 0.969 0.966
0 0 0 1 3 1 46 0.974 0.979 0.978 0.979 0.980 0.981 0.982 0.982 0.981 0.985
0 0 0 1 3 1 47 0.942 0.950 0.961 0.957 0.962 0.958 0.963 0.960 0.958 0.961
