## root/medium_electron_2018/egammaEffi.txt_EGM2D_MediumID_QPlus_hsseo_v2.root EGamma_EffData2D
ETA 1 0 16 -1 -2.5 -2.1 -1.8 -1.566 -1.444 -1.1 -0.8 -0.4 0.0 0.4 0.8 1.1 1.444 1.566 1.8 2.1 2.5
PT 1 0 10 -1 10.0 15.0 20.0 25.0 30.0 35.0 40.0 45.0 70.0 100.0 500.0
1 0 0 0 0 0 0 0.518 0.626 0.670 0.721 0.785 0.815 0.839 0.862 0.899 0.912
1 0 0 0 0 0 1 0.600 0.679 0.694 0.743 0.796 0.827 0.855 0.871 0.903 0.920
1 0 0 0 0 0 2 0.579 0.683 0.705 0.746 0.804 0.837 0.865 0.880 0.906 0.930
1 0 0 0 0 0 3 0.573 0.499 0.414 0.502 0.599 0.684 0.743 0.770 0.728 0.807
1 0 0 0 0 0 4 0.476 0.551 0.612 0.646 0.714 0.769 0.810 0.838 0.875 0.914
1 0 0 0 0 0 5 0.432 0.594 0.625 0.675 0.746 0.800 0.840 0.865 0.899 0.919
1 0 0 0 0 0 6 0.417 0.555 0.610 0.670 0.740 0.794 0.834 0.860 0.886 0.912
1 0 0 0 0 0 7 0.381 0.533 0.613 0.687 0.753 0.802 0.841 0.866 0.895 0.926
1 0 0 0 0 0 8 0.417 0.571 0.644 0.709 0.762 0.812 0.846 0.868 0.891 0.921
1 0 0 0 0 0 9 0.436 0.579 0.632 0.687 0.749 0.801 0.839 0.865 0.885 0.921
1 0 0 0 0 0 10 0.468 0.576 0.629 0.698 0.752 0.806 0.843 0.865 0.889 0.923
1 0 0 0 0 0 11 0.458 0.546 0.588 0.634 0.708 0.761 0.804 0.827 0.863 0.910
1 0 0 0 0 0 12 0.505 0.513 0.381 0.497 0.582 0.667 0.723 0.741 0.732 0.814
1 0 0 0 0 0 13 0.572 0.677 0.656 0.724 0.787 0.831 0.858 0.874 0.893 0.928
1 0 0 0 0 0 14 0.565 0.686 0.699 0.729 0.790 0.820 0.847 0.865 0.909 0.902
1 0 0 0 0 0 15 0.528 0.614 0.679 0.738 0.772 0.799 0.831 0.856 0.886 0.897
## root/medium_electron_2018/egammaEffi.txt_EGM2D_MediumID_QPlus_hsseo_v2.root EGamma_EffMC2D
ETA 1 0 16 -1 -2.5 -2.1 -1.8 -1.566 -1.444 -1.1 -0.8 -0.4 0.0 0.4 0.8 1.1 1.444 1.566 1.8 2.1 2.5
PT 1 0 10 -1 10.0 15.0 20.0 25.0 30.0 35.0 40.0 45.0 70.0 100.0 500.0
1 0 0 1 0 0 0 0.438 0.536 0.587 0.651 0.711 0.756 0.791 0.819 0.863 0.885
1 0 0 1 0 0 1 0.597 0.659 0.693 0.731 0.776 0.813 0.845 0.867 0.905 0.914
1 0 0 1 0 0 2 0.591 0.673 0.706 0.745 0.788 0.832 0.861 0.877 0.900 0.937
1 0 0 1 0 0 3 0.424 0.480 0.397 0.491 0.571 0.652 0.722 0.744 0.720 0.805
1 0 0 1 0 0 4 0.428 0.568 0.609 0.676 0.733 0.792 0.838 0.862 0.881 0.905
1 0 0 1 0 0 5 0.457 0.611 0.655 0.711 0.774 0.832 0.870 0.894 0.910 0.920
1 0 0 1 0 0 6 0.425 0.589 0.629 0.703 0.769 0.822 0.863 0.888 0.901 0.921
1 0 0 1 0 0 7 0.376 0.572 0.657 0.728 0.788 0.838 0.875 0.895 0.918 0.930
1 0 0 1 0 0 8 0.401 0.579 0.667 0.741 0.794 0.840 0.877 0.898 0.914 0.930
1 0 0 1 0 0 9 0.449 0.582 0.651 0.712 0.776 0.827 0.864 0.889 0.900 0.924
1 0 0 1 0 0 10 0.460 0.597 0.654 0.720 0.774 0.832 0.870 0.890 0.913 0.919
1 0 0 1 0 0 11 0.437 0.541 0.609 0.669 0.732 0.785 0.832 0.860 0.880 0.910
1 0 0 1 0 0 12 0.404 0.488 0.410 0.500 0.582 0.648 0.721 0.745 0.715 0.749
1 0 0 1 0 0 13 0.585 0.690 0.663 0.733 0.787 0.828 0.860 0.880 0.895 0.931
1 0 0 1 0 0 14 0.581 0.664 0.687 0.725 0.774 0.813 0.846 0.864 0.894 0.927
1 0 0 1 0 0 15 0.447 0.541 0.583 0.641 0.696 0.751 0.791 0.820 0.860 0.898
## root/medium_electron_2018/egammaEffi.txt_EGM2D_MediumID_QMinus_hsseo_v2.root EGamma_EffData2D
ETA 1 0 16 -1 -2.5 -2.1 -1.8 -1.566 -1.444 -1.1 -0.8 -0.4 0.0 0.4 0.8 1.1 1.444 1.566 1.8 2.1 2.5
PT 1 0 10 -1 10.0 15.0 20.0 25.0 30.0 35.0 40.0 45.0 70.0 100.0 500.0
1 0 0 0 0 1 0 0.516 0.615 0.674 0.725 0.779 0.814 0.840 0.861 0.902 0.901
1 0 0 0 0 1 1 0.593 0.683 0.708 0.752 0.788 0.830 0.854 0.872 0.899 0.915
1 0 0 0 0 1 2 0.610 0.676 0.705 0.744 0.798 0.836 0.866 0.879 0.919 0.917
1 0 0 0 0 1 3 0.549 0.536 0.466 0.502 0.599 0.682 0.745 0.771 0.732 0.813
1 0 0 0 0 1 4 0.441 0.564 0.594 0.645 0.722 0.773 0.814 0.840 0.868 0.911
1 0 0 0 0 1 5 0.460 0.585 0.631 0.692 0.754 0.803 0.841 0.866 0.901 0.931
1 0 0 0 0 1 6 0.408 0.565 0.606 0.679 0.750 0.798 0.835 0.860 0.885 0.919
1 0 0 0 0 1 7 0.422 0.553 0.625 0.693 0.757 0.806 0.840 0.866 0.892 0.921
1 0 0 0 0 1 8 0.418 0.562 0.637 0.703 0.762 0.807 0.846 0.868 0.897 0.932
1 0 0 0 0 1 9 0.399 0.579 0.616 0.675 0.745 0.800 0.837 0.863 0.892 0.920
1 0 0 0 0 1 10 0.441 0.604 0.626 0.686 0.749 0.803 0.838 0.863 0.899 0.930
1 0 0 0 0 1 11 0.447 0.556 0.488 0.639 0.701 0.756 0.800 0.829 0.881 0.909
1 0 0 0 0 1 12 0.500 0.489 0.459 0.502 0.578 0.658 0.727 0.734 0.732 0.843
1 0 0 0 0 1 13 0.595 0.683 0.686 0.718 0.782 0.829 0.860 0.878 0.906 0.924
1 0 0 0 0 1 14 0.602 0.666 0.701 0.735 0.790 0.823 0.848 0.866 0.882 0.901
1 0 0 0 0 1 15 0.522 0.595 0.649 0.725 0.776 0.801 0.833 0.857 0.897 0.888
## root/medium_electron_2018/egammaEffi.txt_EGM2D_MediumID_QMinus_hsseo_v2.root EGamma_EffMC2D
ETA 1 0 16 -1 -2.5 -2.1 -1.8 -1.566 -1.444 -1.1 -0.8 -0.4 0.0 0.4 0.8 1.1 1.444 1.566 1.8 2.1 2.5
PT 1 0 10 -1 10.0 15.0 20.0 25.0 30.0 35.0 40.0 45.0 70.0 100.0 500.0
1 0 0 1 0 1 0 0.441 0.548 0.588 0.650 0.711 0.756 0.791 0.818 0.865 0.896
1 0 0 1 0 1 1 0.577 0.671 0.679 0.727 0.778 0.817 0.846 0.866 0.888 0.934
1 0 0 1 0 1 2 0.602 0.674 0.689 0.743 0.793 0.832 0.860 0.880 0.897 0.927
1 0 0 1 0 1 3 0.427 0.470 0.410 0.485 0.574 0.657 0.727 0.749 0.692 0.802
1 0 0 1 0 1 4 0.397 0.553 0.619 0.679 0.738 0.793 0.840 0.865 0.886 0.909
1 0 0 1 0 1 5 0.459 0.598 0.659 0.721 0.785 0.832 0.871 0.893 0.914 0.932
1 0 0 1 0 1 6 0.436 0.594 0.640 0.713 0.773 0.825 0.865 0.889 0.896 0.918
1 0 0 1 0 1 7 0.401 0.577 0.668 0.735 0.794 0.840 0.875 0.897 0.917 0.925
1 0 0 1 0 1 8 0.394 0.577 0.654 0.728 0.790 0.837 0.874 0.897 0.917 0.925
1 0 0 1 0 1 9 0.416 0.577 0.633 0.708 0.771 0.822 0.866 0.888 0.902 0.913
1 0 0 1 0 1 10 0.450 0.601 0.649 0.706 0.770 0.825 0.868 0.889 0.904 0.920
1 0 0 1 0 1 11 0.402 0.556 0.600 0.660 0.725 0.781 0.829 0.858 0.876 0.905
1 0 0 1 0 1 12 0.425 0.483 0.418 0.497 0.571 0.652 0.715 0.747 0.726 0.725
1 0 0 1 0 1 13 0.583 0.670 0.665 0.728 0.787 0.831 0.865 0.881 0.911 0.892
1 0 0 1 0 1 14 0.571 0.677 0.690 0.725 0.781 0.811 0.846 0.866 0.906 0.918
1 0 0 1 0 1 15 0.448 0.532 0.583 0.640 0.705 0.750 0.791 0.819 0.878 0.907
## root/medium_electron_2018/egammaEffi.txt_EGM2D_Ele32_MediumID_QPlus_hsseo_v2.root EGamma_EffData2D
ETA 1 1 16 -1 -2.5 -2.1 -1.8 -1.566 -1.444 -1.1 -0.8 -0.4 0.0 0.4 0.8 1.1 1.444 1.566 1.8 2.1 2.5
PT 1 1 10 -1 10.0 15.0 20.0 25.0 30.0 35.0 40.0 45.0 70.0 100.0 500.0
1 0 0 0 1 0 0 0.000 0.000 0.000 0.000 0.191 0.735 0.815 0.845 0.890 0.925
1 0 0 0 1 0 1 0.000 0.000 0.000 0.000 0.336 0.817 0.859 0.888 0.928 0.944
1 0 0 0 1 0 2 0.000 0.000 0.000 0.000 0.350 0.772 0.838 0.872 0.909 0.923
1 0 0 0 1 0 3 0.000 0.000 0.000 0.000 0.308 0.699 0.794 0.825 0.872 0.874
1 0 0 0 1 0 4 0.000 0.000 0.000 0.000 0.256 0.733 0.803 0.837 0.897 0.914
1 0 0 0 1 0 5 0.000 0.000 0.000 0.000 0.361 0.827 0.857 0.875 0.913 0.929
1 0 0 0 1 0 6 0.000 0.000 0.000 0.000 0.381 0.825 0.850 0.877 0.921 0.926
1 0 0 0 1 0 7 0.000 0.000 0.000 0.000 0.367 0.821 0.849 0.874 0.914 0.925
1 0 0 0 1 0 8 0.000 0.000 0.000 0.000 0.365 0.808 0.835 0.855 0.891 0.915
1 0 0 0 1 0 9 0.000 0.000 0.000 0.000 0.379 0.816 0.836 0.858 0.889 0.911
1 0 0 0 1 0 10 0.000 0.000 0.000 0.000 0.351 0.811 0.847 0.865 0.903 0.921
1 0 0 0 1 0 11 0.000 0.000 0.000 0.000 0.249 0.714 0.786 0.823 0.891 0.916
1 0 0 0 1 0 12 0.000 0.000 0.000 0.000 0.282 0.685 0.780 0.817 0.884 0.915
1 0 0 0 1 0 13 0.000 0.000 0.000 0.000 0.344 0.769 0.842 0.872 0.904 0.938
1 0 0 0 1 0 14 0.000 0.000 0.000 0.000 0.331 0.806 0.853 0.880 0.914 0.933
1 0 0 0 1 0 15 0.000 0.000 0.000 0.000 0.195 0.710 0.798 0.827 0.906 0.887
## root/medium_electron_2018/egammaEffi.txt_EGM2D_Ele32_MediumID_QPlus_hsseo_v2.root EGamma_EffMC2D
ETA 1 1 16 -1 -2.5 -2.1 -1.8 -1.566 -1.444 -1.1 -0.8 -0.4 0.0 0.4 0.8 1.1 1.444 1.566 1.8 2.1 2.5
PT 1 1 10 -1 10.0 15.0 20.0 25.0 30.0 35.0 40.0 45.0 70.0 100.0 500.0
1 0 0 1 1 0 0 0.000 0.000 0.000 0.000 0.462 0.805 0.833 0.868 0.924 0.936
1 0 0 1 1 0 1 0.000 0.000 0.000 0.000 0.567 0.860 0.882 0.899 0.921 0.966
1 0 0 1 1 0 2 0.000 0.000 0.000 0.000 0.547 0.851 0.882 0.902 0.935 0.935
1 0 0 1 1 0 3 0.000 0.000 0.000 0.000 0.529 0.813 0.842 0.872 0.934 0.903
1 0 0 1 1 0 4 0.000 0.000 0.000 0.000 0.436 0.818 0.848 0.871 0.914 0.940
1 0 0 1 1 0 5 0.000 0.000 0.000 0.000 0.492 0.874 0.894 0.909 0.939 0.949
1 0 0 1 1 0 6 0.000 0.000 0.000 0.000 0.493 0.861 0.879 0.905 0.933 0.951
1 0 0 1 1 0 7 0.000 0.000 0.000 0.000 0.478 0.863 0.881 0.908 0.939 0.955
1 0 0 1 1 0 8 0.000 0.000 0.000 0.000 0.476 0.862 0.879 0.902 0.932 0.944
1 0 0 1 1 0 9 0.000 0.000 0.000 0.000 0.493 0.861 0.878 0.904 0.925 0.941
1 0 0 1 1 0 10 0.000 0.000 0.000 0.000 0.486 0.867 0.885 0.902 0.933 0.954
1 0 0 1 1 0 11 0.000 0.000 0.000 0.000 0.423 0.807 0.838 0.863 0.901 0.945
1 0 0 1 1 0 12 0.000 0.000 0.000 0.000 0.499 0.802 0.836 0.863 0.902 0.935
1 0 0 1 1 0 13 0.000 0.000 0.000 0.000 0.519 0.852 0.882 0.900 0.934 0.939
1 0 0 1 1 0 14 0.000 0.000 0.000 0.000 0.556 0.856 0.881 0.893 0.933 0.945
1 0 0 1 1 0 15 0.000 0.000 0.000 0.000 0.448 0.778 0.814 0.849 0.884 0.911
## root/medium_electron_2018/egammaEffi.txt_EGM2D_Ele32_MediumID_QMinus_hsseo_v2.root EGamma_EffData2D
ETA 1 1 16 -1 -2.5 -2.1 -1.8 -1.566 -1.444 -1.1 -0.8 -0.4 0.0 0.4 0.8 1.1 1.444 1.566 1.8 2.1 2.5
PT 1 1 10 -1 10.0 15.0 20.0 25.0 30.0 35.0 40.0 45.0 70.0 100.0 500.0
1 0 0 0 1 1 0 0.000 0.000 0.000 0.000 0.189 0.733 0.813 0.845 0.893 0.915
1 0 0 0 1 1 1 0.000 0.000 0.000 0.000 0.335 0.817 0.860 0.885 0.928 0.947
1 0 0 0 1 1 2 0.000 0.000 0.000 0.000 0.349 0.772 0.838 0.870 0.899 0.924
1 0 0 0 1 1 3 0.000 0.000 0.000 0.000 0.301 0.699 0.793 0.822 0.877 0.891
1 0 0 0 1 1 4 0.000 0.000 0.000 0.000 0.253 0.733 0.803 0.838 0.889 0.914
1 0 0 0 1 1 5 0.000 0.000 0.000 0.000 0.363 0.827 0.859 0.877 0.916 0.937
1 0 0 0 1 1 6 0.000 0.000 0.000 0.000 0.381 0.829 0.854 0.879 0.915 0.930
1 0 0 0 1 1 7 0.000 0.000 0.000 0.000 0.370 0.825 0.853 0.877 0.914 0.928
1 0 0 0 1 1 8 0.000 0.000 0.000 0.000 0.364 0.801 0.828 0.854 0.892 0.903
1 0 0 0 1 1 9 0.000 0.000 0.000 0.000 0.379 0.813 0.834 0.859 0.897 0.912
1 0 0 0 1 1 10 0.000 0.000 0.000 0.000 0.353 0.811 0.847 0.865 0.904 0.923
1 0 0 0 1 1 11 0.000 0.000 0.000 0.000 0.250 0.716 0.791 0.824 0.874 0.903
1 0 0 0 1 1 12 0.000 0.000 0.000 0.000 0.278 0.686 0.779 0.818 0.840 0.915
1 0 0 0 1 1 13 0.000 0.000 0.000 0.000 0.346 0.770 0.842 0.873 0.899 0.919
1 0 0 0 1 1 14 0.000 0.000 0.000 0.000 0.333 0.807 0.854 0.882 0.923 0.936
1 0 0 0 1 1 15 0.000 0.000 0.000 0.000 0.193 0.708 0.795 0.830 0.873 0.894
## root/medium_electron_2018/egammaEffi.txt_EGM2D_Ele32_MediumID_QMinus_hsseo_v2.root EGamma_EffMC2D
ETA 1 1 16 -1 -2.5 -2.1 -1.8 -1.566 -1.444 -1.1 -0.8 -0.4 0.0 0.4 0.8 1.1 1.444 1.566 1.8 2.1 2.5
PT 1 1 10 -1 10.0 15.0 20.0 25.0 30.0 35.0 40.0 45.0 70.0 100.0 500.0
1 0 0 1 1 1 0 0.000 0.000 0.000 0.000 0.469 0.803 0.834 0.862 0.913 0.947
1 0 0 1 1 1 1 0.000 0.000 0.000 0.000 0.567 0.858 0.880 0.897 0.924 0.949
1 0 0 1 1 1 2 0.000 0.000 0.000 0.000 0.541 0.855 0.881 0.906 0.930 0.939
1 0 0 1 1 1 3 0.000 0.000 0.000 0.000 0.528 0.808 0.845 0.867 0.903 0.943
1 0 0 1 1 1 4 0.000 0.000 0.000 0.000 0.427 0.819 0.847 0.870 0.920 0.947
1 0 0 1 1 1 5 0.000 0.000 0.000 0.000 0.498 0.871 0.893 0.907 0.945 0.952
1 0 0 1 1 1 6 0.000 0.000 0.000 0.000 0.491 0.866 0.882 0.906 0.935 0.944
1 0 0 1 1 1 7 0.000 0.000 0.000 0.000 0.479 0.871 0.888 0.912 0.939 0.951
1 0 0 1 1 1 8 0.000 0.000 0.000 0.000 0.472 0.854 0.874 0.900 0.925 0.941
1 0 0 1 1 1 9 0.000 0.000 0.000 0.000 0.488 0.859 0.874 0.902 0.930 0.937
1 0 0 1 1 1 10 0.000 0.000 0.000 0.000 0.490 0.866 0.885 0.903 0.940 0.950
1 0 0 1 1 1 11 0.000 0.000 0.000 0.000 0.418 0.810 0.839 0.859 0.910 0.939
1 0 0 1 1 1 12 0.000 0.000 0.000 0.000 0.509 0.802 0.834 0.867 0.892 0.890
1 0 0 1 1 1 13 0.000 0.000 0.000 0.000 0.523 0.845 0.882 0.902 0.924 0.946
1 0 0 1 1 1 14 0.000 0.000 0.000 0.000 0.552 0.858 0.879 0.896 0.926 0.956
1 0 0 1 1 1 15 0.000 0.000 0.000 0.000 0.448 0.783 0.813 0.848 0.879 0.918
## root/medium_electron_2018/egammaEffi.txt_EGM2D_Ele23Leg1_MediumID_QPlus_hsseo_v2.root EGamma_EffData2D
ETA 1 2 16 -1 -2.5 -2.1 -1.8 -1.566 -1.444 -1.1 -0.8 -0.4 0.0 0.4 0.8 1.1 1.444 1.566 1.8 2.1 2.5
PT 1 2 10 -1 10.0 15.0 20.0 25.0 30.0 35.0 40.0 45.0 70.0 100.0 500.0
1 0 0 0 2 0 0 0.000 0.000 0.119 0.825 0.920 0.936 0.947 0.957 0.980 0.985
1 0 0 0 2 0 1 0.000 0.000 0.203 0.868 0.955 0.973 0.979 0.984 0.993 0.995
1 0 0 0 2 0 2 0.000 0.000 0.169 0.788 0.927 0.950 0.962 0.970 0.979 0.979
1 0 0 0 2 0 3 0.000 0.000 0.142 0.672 0.872 0.910 0.920 0.926 0.944 0.954
1 0 0 0 2 0 4 0.000 0.000 0.127 0.764 0.889 0.911 0.921 0.932 0.954 0.965
1 0 0 0 2 0 5 0.000 0.000 0.220 0.883 0.929 0.937 0.945 0.953 0.969 0.974
1 0 0 0 2 0 6 0.000 0.000 0.232 0.899 0.924 0.931 0.940 0.959 0.975 0.972
1 0 0 0 2 0 7 0.000 0.000 0.240 0.887 0.916 0.930 0.942 0.958 0.977 0.976
1 0 0 0 2 0 8 0.000 0.000 0.231 0.881 0.910 0.920 0.932 0.944 0.959 0.961
1 0 0 0 2 0 9 0.000 0.000 0.230 0.897 0.916 0.923 0.931 0.947 0.962 0.963
1 0 0 0 2 0 10 0.000 0.000 0.216 0.883 0.929 0.934 0.943 0.950 0.965 0.967
1 0 0 0 2 0 11 0.000 0.000 0.129 0.753 0.881 0.900 0.910 0.922 0.949 0.959
1 0 0 0 2 0 12 0.000 0.000 0.119 0.664 0.863 0.908 0.915 0.923 0.942 0.962
1 0 0 0 2 0 13 0.000 0.000 0.167 0.766 0.922 0.947 0.961 0.968 0.979 0.983
1 0 0 0 2 0 14 0.000 0.000 0.196 0.857 0.947 0.966 0.973 0.979 0.994 0.991
1 0 0 0 2 0 15 0.000 0.000 0.121 0.801 0.901 0.925 0.939 0.948 0.974 0.969
## root/medium_electron_2018/egammaEffi.txt_EGM2D_Ele23Leg1_MediumID_QPlus_hsseo_v2.root EGamma_EffMC2D
ETA 1 2 16 -1 -2.5 -2.1 -1.8 -1.566 -1.444 -1.1 -0.8 -0.4 0.0 0.4 0.8 1.1 1.444 1.566 1.8 2.1 2.5
PT 1 2 10 -1 10.0 15.0 20.0 25.0 30.0 35.0 40.0 45.0 70.0 100.0 500.0
1 0 0 1 2 0 0 0.000 0.000 0.310 0.895 0.929 0.945 0.952 0.965 0.988 0.996
1 0 0 1 2 0 1 0.000 0.000 0.343 0.921 0.968 0.980 0.983 0.988 0.995 0.996
1 0 0 1 2 0 2 0.000 0.000 0.270 0.865 0.958 0.968 0.977 0.983 0.990 0.981
1 0 0 1 2 0 3 0.000 0.000 0.206 0.783 0.906 0.940 0.941 0.952 0.976 0.970
1 0 0 1 2 0 4 0.000 0.000 0.195 0.834 0.910 0.924 0.936 0.946 0.968 0.979
1 0 0 1 2 0 5 0.000 0.000 0.284 0.920 0.945 0.950 0.962 0.969 0.984 0.985
1 0 0 1 2 0 6 0.000 0.000 0.296 0.913 0.930 0.938 0.950 0.968 0.979 0.981
1 0 0 1 2 0 7 0.000 0.000 0.299 0.910 0.927 0.939 0.952 0.970 0.988 0.988
1 0 0 1 2 0 8 0.000 0.000 0.306 0.915 0.935 0.943 0.954 0.967 0.982 0.982
1 0 0 1 2 0 9 0.000 0.000 0.293 0.921 0.937 0.943 0.953 0.969 0.981 0.982
1 0 0 1 2 0 10 0.000 0.000 0.282 0.920 0.945 0.949 0.959 0.966 0.977 0.987
1 0 0 1 2 0 11 0.000 0.000 0.197 0.828 0.907 0.919 0.928 0.939 0.961 0.981
1 0 0 1 2 0 12 0.000 0.000 0.206 0.779 0.911 0.936 0.940 0.949 0.964 0.991
1 0 0 1 2 0 13 0.000 0.000 0.249 0.851 0.952 0.967 0.977 0.981 0.986 0.992
1 0 0 1 2 0 14 0.000 0.000 0.345 0.915 0.968 0.978 0.984 0.987 0.991 0.995
1 0 0 1 2 0 15 0.000 0.000 0.304 0.883 0.927 0.940 0.948 0.960 0.966 0.964
## root/medium_electron_2018/egammaEffi.txt_EGM2D_Ele23Leg1_MediumID_QMinus_hsseo_v2.root EGamma_EffData2D
ETA 1 2 16 -1 -2.5 -2.1 -1.8 -1.566 -1.444 -1.1 -0.8 -0.4 0.0 0.4 0.8 1.1 1.444 1.566 1.8 2.1 2.5
PT 1 2 10 -1 10.0 15.0 20.0 25.0 30.0 35.0 40.0 45.0 70.0 100.0 500.0
1 0 0 0 2 1 0 0.000 0.000 0.119 0.822 0.917 0.935 0.945 0.954 0.986 0.985
1 0 0 0 2 1 1 0.000 0.000 0.199 0.870 0.957 0.973 0.979 0.983 0.992 0.992
1 0 0 0 2 1 2 0.000 0.000 0.175 0.776 0.925 0.951 0.962 0.971 0.975 0.979
1 0 0 0 2 1 3 0.000 0.000 0.117 0.669 0.873 0.909 0.921 0.927 0.951 0.959
1 0 0 0 2 1 4 0.000 0.000 0.117 0.766 0.892 0.914 0.921 0.932 0.956 0.963
1 0 0 0 2 1 5 0.000 0.000 0.215 0.886 0.934 0.938 0.947 0.954 0.968 0.973
1 0 0 0 2 1 6 0.000 0.000 0.237 0.903 0.927 0.935 0.945 0.960 0.975 0.972
1 0 0 0 2 1 7 0.000 0.000 0.235 0.898 0.925 0.936 0.947 0.961 0.975 0.975
1 0 0 0 2 1 8 0.000 0.000 0.236 0.873 0.900 0.913 0.926 0.941 0.960 0.956
1 0 0 0 2 1 9 0.000 0.000 0.231 0.889 0.913 0.920 0.928 0.945 0.958 0.959
1 0 0 0 2 1 10 0.000 0.000 0.203 0.882 0.927 0.932 0.942 0.949 0.962 0.969
1 0 0 0 2 1 11 0.000 0.000 0.127 0.754 0.877 0.900 0.911 0.922 0.949 0.954
1 0 0 0 2 1 12 0.000 0.000 0.125 0.673 0.873 0.911 0.916 0.925 0.939 0.965
1 0 0 0 2 1 13 0.000 0.000 0.159 0.765 0.922 0.949 0.962 0.970 0.976 0.978
1 0 0 0 2 1 14 0.000 0.000 0.188 0.850 0.946 0.967 0.974 0.979 0.990 0.990
1 0 0 0 2 1 15 0.000 0.000 0.121 0.801 0.898 0.924 0.939 0.950 0.967 0.970
## root/medium_electron_2018/egammaEffi.txt_EGM2D_Ele23Leg1_MediumID_QMinus_hsseo_v2.root EGamma_EffMC2D
ETA 1 2 16 -1 -2.5 -2.1 -1.8 -1.566 -1.444 -1.1 -0.8 -0.4 0.0 0.4 0.8 1.1 1.444 1.566 1.8 2.1 2.5
PT 1 2 10 -1 10.0 15.0 20.0 25.0 30.0 35.0 40.0 45.0 70.0 100.0 500.0
1 0 0 1 2 1 0 0.000 0.000 0.305 0.889 0.933 0.945 0.950 0.963 0.993 0.996
1 0 0 1 2 1 1 0.000 0.000 0.352 0.916 0.969 0.979 0.984 0.988 0.992 0.994
1 0 0 1 2 1 2 0.000 0.000 0.290 0.869 0.955 0.968 0.977 0.984 0.989 0.989
1 0 0 1 2 1 3 0.000 0.000 0.195 0.763 0.911 0.940 0.945 0.952 0.971 0.991
1 0 0 1 2 1 4 0.000 0.000 0.198 0.834 0.913 0.928 0.936 0.946 0.969 0.976
1 0 0 1 2 1 5 0.000 0.000 0.289 0.919 0.948 0.950 0.962 0.969 0.982 0.984
1 0 0 1 2 1 6 0.000 0.000 0.295 0.922 0.935 0.944 0.953 0.969 0.981 0.977
1 0 0 1 2 1 7 0.000 0.000 0.302 0.918 0.937 0.949 0.959 0.973 0.985 0.987
1 0 0 1 2 1 8 0.000 0.000 0.295 0.906 0.922 0.934 0.948 0.965 0.979 0.982
1 0 0 1 2 1 9 0.000 0.000 0.301 0.914 0.930 0.939 0.949 0.967 0.981 0.981
1 0 0 1 2 1 10 0.000 0.000 0.282 0.916 0.943 0.947 0.958 0.967 0.981 0.983
1 0 0 1 2 1 11 0.000 0.000 0.198 0.822 0.903 0.918 0.928 0.938 0.962 0.976
1 0 0 1 2 1 12 0.000 0.000 0.199 0.772 0.911 0.937 0.940 0.953 0.960 0.966
1 0 0 1 2 1 13 0.000 0.000 0.266 0.855 0.949 0.965 0.977 0.981 0.986 0.987
1 0 0 1 2 1 14 0.000 0.000 0.336 0.917 0.967 0.978 0.983 0.986 0.989 0.997
1 0 0 1 2 1 15 0.000 0.000 0.297 0.873 0.926 0.940 0.947 0.959 0.962 0.977
## root/medium_electron_2018/egammaEffi.txt_EGM2D_Ele12Leg2_MediumID_QPlus_hsseo_v2.root EGamma_EffData2D
ETA 1 3 16 -1 -2.5 -2.1 -1.8 -1.566 -1.444 -1.1 -0.8 -0.4 0.0 0.4 0.8 1.1 1.444 1.566 1.8 2.1 2.5
PT 1 3 10 -1 10.0 15.0 20.0 25.0 30.0 35.0 40.0 45.0 70.0 100.0 500.0
1 0 0 0 3 0 0 0.288 0.807 0.889 0.921 0.939 0.948 0.957 0.965 0.979 0.986
1 0 0 0 3 0 1 0.299 0.860 0.933 0.959 0.969 0.976 0.980 0.985 0.993 0.998
1 0 0 0 3 0 2 0.267 0.786 0.909 0.944 0.947 0.953 0.963 0.970 0.979 0.979
1 0 0 0 3 0 3 0.209 0.768 0.866 0.892 0.897 0.918 0.925 0.930 0.945 0.955
1 0 0 0 3 0 4 0.296 0.839 0.895 0.909 0.907 0.922 0.929 0.936 0.954 0.966
1 0 0 0 3 0 5 0.451 0.920 0.925 0.929 0.942 0.953 0.959 0.959 0.971 0.976
1 0 0 0 3 0 6 0.533 0.923 0.928 0.929 0.938 0.950 0.956 0.966 0.975 0.976
1 0 0 0 3 0 7 0.569 0.928 0.926 0.924 0.937 0.952 0.958 0.965 0.977 0.978
1 0 0 0 3 0 8 0.545 0.914 0.917 0.919 0.930 0.940 0.946 0.950 0.960 0.963
1 0 0 0 3 0 9 0.498 0.921 0.925 0.924 0.930 0.941 0.945 0.953 0.963 0.966
1 0 0 0 3 0 10 0.431 0.912 0.928 0.930 0.940 0.950 0.955 0.955 0.965 0.967
1 0 0 0 3 0 11 0.298 0.814 0.874 0.888 0.897 0.910 0.918 0.926 0.949 0.960
1 0 0 0 3 0 12 0.200 0.734 0.874 0.876 0.895 0.918 0.921 0.926 0.943 0.962
1 0 0 0 3 0 13 0.259 0.779 0.905 0.934 0.945 0.951 0.961 0.968 0.979 0.984
1 0 0 0 3 0 14 0.304 0.842 0.930 0.951 0.964 0.972 0.976 0.980 0.993 0.994
1 0 0 0 3 0 15 0.304 0.774 0.866 0.900 0.919 0.934 0.945 0.952 0.978 0.972
## root/medium_electron_2018/egammaEffi.txt_EGM2D_Ele12Leg2_MediumID_QPlus_hsseo_v2.root EGamma_EffMC2D
ETA 1 3 16 -1 -2.5 -2.1 -1.8 -1.566 -1.444 -1.1 -0.8 -0.4 0.0 0.4 0.8 1.1 1.444 1.566 1.8 2.1 2.5
PT 1 3 10 -1 10.0 15.0 20.0 25.0 30.0 35.0 40.0 45.0 70.0 100.0 500.0
1 0 0 1 3 0 0 0.455 0.817 0.889 0.923 0.941 0.954 0.960 0.973 0.988 0.996
1 0 0 1 3 0 1 0.542 0.912 0.947 0.967 0.973 0.981 0.984 0.988 0.995 1.000
1 0 0 1 3 0 2 0.555 0.909 0.942 0.955 0.966 0.969 0.977 0.983 0.990 0.982
1 0 0 1 3 0 3 0.582 0.871 0.890 0.910 0.926 0.948 0.947 0.954 0.976 0.970
1 0 0 1 3 0 4 0.560 0.892 0.903 0.916 0.927 0.938 0.945 0.950 0.968 0.982
1 0 0 1 3 0 5 0.602 0.950 0.947 0.953 0.963 0.972 0.977 0.976 0.984 0.986
1 0 0 1 3 0 6 0.646 0.947 0.942 0.945 0.956 0.966 0.968 0.976 0.979 0.983
1 0 0 1 3 0 7 0.699 0.942 0.944 0.950 0.959 0.970 0.972 0.978 0.988 0.991
1 0 0 1 3 0 8 0.675 0.952 0.943 0.950 0.962 0.968 0.969 0.973 0.982 0.985
1 0 0 1 3 0 9 0.649 0.947 0.947 0.951 0.959 0.967 0.969 0.975 0.981 0.984
1 0 0 1 3 0 10 0.564 0.952 0.949 0.953 0.964 0.971 0.974 0.972 0.977 0.989
1 0 0 1 3 0 11 0.524 0.878 0.901 0.911 0.922 0.932 0.938 0.943 0.961 0.982
1 0 0 1 3 0 12 0.475 0.870 0.898 0.913 0.932 0.945 0.948 0.951 0.964 0.991
1 0 0 1 3 0 13 0.533 0.887 0.939 0.951 0.962 0.969 0.977 0.981 0.986 0.993
1 0 0 1 3 0 14 0.521 0.911 0.947 0.962 0.975 0.979 0.984 0.987 0.992 0.998
1 0 0 1 3 0 15 0.452 0.801 0.874 0.911 0.933 0.941 0.948 0.960 0.967 0.964
## root/medium_electron_2018/egammaEffi.txt_EGM2D_Ele12Leg2_MediumID_QMinus_hsseo_v2.root EGamma_EffData2D
ETA 1 3 16 -1 -2.5 -2.1 -1.8 -1.566 -1.444 -1.1 -0.8 -0.4 0.0 0.4 0.8 1.1 1.444 1.566 1.8 2.1 2.5
PT 1 3 10 -1 10.0 15.0 20.0 25.0 30.0 35.0 40.0 45.0 70.0 100.0 500.0
1 0 0 0 3 1 0 0.311 0.809 0.885 0.918 0.935 0.947 0.956 0.964 0.986 0.986
1 0 0 0 3 1 1 0.340 0.851 0.940 0.959 0.969 0.976 0.980 0.983 0.992 0.993
1 0 0 0 3 1 2 0.244 0.817 0.912 0.937 0.947 0.954 0.963 0.971 0.976 0.978
1 0 0 0 3 1 3 0.194 0.724 0.870 0.898 0.901 0.917 0.926 0.929 0.951 0.959
1 0 0 0 3 1 4 0.280 0.830 0.890 0.905 0.912 0.924 0.930 0.936 0.956 0.964
1 0 0 0 3 1 5 0.433 0.915 0.932 0.931 0.945 0.954 0.960 0.960 0.969 0.975
1 0 0 0 3 1 6 0.521 0.928 0.933 0.932 0.940 0.953 0.958 0.966 0.975 0.975
1 0 0 0 3 1 7 0.544 0.911 0.930 0.933 0.944 0.955 0.960 0.966 0.976 0.978
1 0 0 0 3 1 8 0.554 0.910 0.913 0.910 0.921 0.936 0.943 0.949 0.961 0.959
1 0 0 0 3 1 9 0.522 0.915 0.926 0.917 0.927 0.944 0.944 0.952 0.964 0.961
1 0 0 0 3 1 10 0.439 0.915 0.929 0.926 0.938 0.948 0.954 0.954 0.962 0.970
1 0 0 0 3 1 11 0.315 0.817 0.879 0.883 0.895 0.910 0.918 0.926 0.949 0.955
1 0 0 0 3 1 12 0.247 0.725 0.871 0.886 0.904 0.919 0.922 0.929 0.940 0.968
1 0 0 0 3 1 13 0.252 0.791 0.907 0.936 0.945 0.952 0.962 0.970 0.976 0.979
1 0 0 0 3 1 14 0.307 0.841 0.925 0.951 0.964 0.973 0.976 0.981 0.991 0.993
1 0 0 0 3 1 15 0.304 0.796 0.884 0.900 0.918 0.934 0.944 0.953 0.970 0.971
## root/medium_electron_2018/egammaEffi.txt_EGM2D_Ele12Leg2_MediumID_QMinus_hsseo_v2.root EGamma_EffMC2D
ETA 1 3 16 -1 -2.5 -2.1 -1.8 -1.566 -1.444 -1.1 -0.8 -0.4 0.0 0.4 0.8 1.1 1.444 1.566 1.8 2.1 2.5
PT 1 3 10 -1 10.0 15.0 20.0 25.0 30.0 35.0 40.0 45.0 70.0 100.0 500.0
1 0 0 1 3 1 0 0.427 0.807 0.896 0.923 0.944 0.953 0.960 0.972 0.994 0.996
1 0 0 1 3 1 1 0.539 0.895 0.947 0.964 0.975 0.980 0.984 0.988 0.992 0.994
1 0 0 1 3 1 2 0.536 0.900 0.932 0.959 0.963 0.969 0.978 0.984 0.989 0.991
1 0 0 1 3 1 3 0.566 0.870 0.892 0.903 0.930 0.949 0.953 0.955 0.971 0.991
1 0 0 1 3 1 4 0.513 0.899 0.912 0.919 0.930 0.941 0.947 0.950 0.969 0.979
1 0 0 1 3 1 5 0.615 0.949 0.946 0.952 0.966 0.972 0.977 0.975 0.982 0.987
1 0 0 1 3 1 6 0.650 0.947 0.942 0.949 0.958 0.968 0.969 0.975 0.981 0.981
1 0 0 1 3 1 7 0.663 0.957 0.952 0.955 0.965 0.973 0.974 0.979 0.985 0.989
1 0 0 1 3 1 8 0.651 0.942 0.937 0.944 0.954 0.965 0.968 0.973 0.979 0.984
1 0 0 1 3 1 9 0.641 0.944 0.942 0.942 0.954 0.966 0.968 0.975 0.981 0.983
1 0 0 1 3 1 10 0.573 0.941 0.940 0.952 0.963 0.969 0.974 0.973 0.981 0.984
1 0 0 1 3 1 11 0.520 0.860 0.895 0.906 0.918 0.931 0.937 0.942 0.962 0.976
1 0 0 1 3 1 12 0.489 0.858 0.893 0.918 0.931 0.946 0.947 0.955 0.962 0.966
1 0 0 1 3 1 13 0.523 0.897 0.936 0.955 0.960 0.966 0.977 0.982 0.986 0.989
1 0 0 1 3 1 14 0.537 0.894 0.943 0.966 0.974 0.980 0.983 0.986 0.989 0.999
1 0 0 1 3 1 15 0.456 0.807 0.877 0.906 0.933 0.942 0.948 0.959 0.962 0.977
