## root/medium_muon_2018/2018_IDISO_plus.root muonEffi_data_eta_pt
ETA 0 0 48 -1 -2.4 -2.3 -2.2 -2.1 -2.0 -1.9 -1.8 -1.7 -1.6 -1.5 -1.4 -1.3 -1.2 -1.1 -1.0 -0.9 -0.8 -0.7 -0.6 -0.5 -0.4 -0.3 -0.2 -0.1 0.0 0.1 0.2 0.3 0.4 0.5 0.6 0.7 0.8 0.9 1.0 1.1 1.2 1.3 1.4 1.5 1.6 1.7 1.8 1.9 2.0 2.1 2.2 2.3 2.4
PT 0 0 10 -1 10.0 15.0 20.0 25.0 30.0 35.0 40.0 45.0 50.0 60.0 120.0
0 0 0 0 0 0 0 0.826 0.885 0.913 0.936 0.953 0.967 0.975 0.977 0.978 0.971
0 0 0 0 0 0 1 0.829 0.888 0.917 0.940 0.960 0.972 0.981 0.983 0.985 0.983
0 0 0 0 0 0 2 0.756 0.802 0.834 0.863 0.884 0.895 0.905 0.908 0.912 0.900
0 0 0 0 0 0 3 0.843 0.876 0.912 0.938 0.957 0.970 0.978 0.982 0.982 0.981
0 0 0 0 0 0 4 0.826 0.864 0.896 0.932 0.948 0.961 0.969 0.974 0.973 0.965
0 0 0 0 0 0 5 0.820 0.875 0.909 0.936 0.952 0.966 0.976 0.980 0.979 0.977
0 0 0 0 0 0 6 0.816 0.868 0.899 0.928 0.944 0.958 0.968 0.973 0.972 0.970
0 0 0 0 0 0 7 0.823 0.873 0.911 0.938 0.956 0.970 0.980 0.982 0.983 0.986
0 0 0 0 0 0 8 0.817 0.879 0.916 0.939 0.959 0.972 0.982 0.987 0.987 0.987
0 0 0 0 0 0 9 0.831 0.869 0.908 0.938 0.955 0.971 0.981 0.984 0.983 0.985
0 0 0 0 0 0 10 0.822 0.859 0.903 0.932 0.954 0.970 0.981 0.984 0.983 0.984
0 0 0 0 0 0 11 0.803 0.860 0.899 0.932 0.952 0.969 0.980 0.984 0.984 0.980
0 0 0 0 0 0 12 0.793 0.850 0.896 0.930 0.951 0.967 0.979 0.983 0.983 0.979
0 0 0 0 0 0 13 0.798 0.864 0.893 0.927 0.953 0.970 0.981 0.984 0.983 0.982
0 0 0 0 0 0 14 0.791 0.858 0.899 0.933 0.955 0.970 0.980 0.983 0.984 0.983
0 0 0 0 0 0 15 0.795 0.859 0.895 0.934 0.953 0.970 0.980 0.983 0.983 0.981
0 0 0 0 0 0 16 0.796 0.864 0.899 0.931 0.954 0.972 0.981 0.984 0.985 0.983
0 0 0 0 0 0 17 0.792 0.852 0.899 0.932 0.956 0.972 0.982 0.985 0.985 0.983
0 0 0 0 0 0 18 0.768 0.855 0.893 0.936 0.958 0.972 0.980 0.985 0.986 0.985
0 0 0 0 0 0 19 0.776 0.847 0.894 0.935 0.960 0.973 0.982 0.986 0.985 0.985
0 0 0 0 0 0 20 0.770 0.852 0.902 0.935 0.958 0.972 0.982 0.986 0.987 0.985
0 0 0 0 0 0 21 0.778 0.837 0.883 0.924 0.946 0.960 0.969 0.973 0.973 0.974
0 0 0 0 0 0 22 0.772 0.832 0.892 0.928 0.947 0.960 0.968 0.972 0.971 0.973
0 0 0 0 0 0 23 0.754 0.851 0.906 0.936 0.959 0.972 0.981 0.985 0.984 0.985
0 0 0 0 0 0 24 0.769 0.853 0.903 0.937 0.959 0.972 0.981 0.984 0.984 0.984
0 0 0 0 0 0 25 0.780 0.836 0.894 0.927 0.949 0.961 0.970 0.972 0.972 0.972
0 0 0 0 0 0 26 0.788 0.845 0.889 0.925 0.944 0.958 0.967 0.970 0.972 0.971
0 0 0 0 0 0 27 0.782 0.849 0.898 0.932 0.956 0.970 0.980 0.983 0.985 0.984
0 0 0 0 0 0 28 0.779 0.851 0.899 0.937 0.959 0.973 0.982 0.985 0.986 0.987
0 0 0 0 0 0 29 0.800 0.855 0.894 0.933 0.956 0.971 0.980 0.984 0.985 0.984
0 0 0 0 0 0 30 0.785 0.849 0.896 0.936 0.956 0.972 0.982 0.985 0.985 0.987
0 0 0 0 0 0 31 0.795 0.859 0.894 0.934 0.955 0.971 0.981 0.984 0.983 0.987
0 0 0 0 0 0 32 0.785 0.858 0.895 0.927 0.952 0.969 0.977 0.981 0.981 0.980
0 0 0 0 0 0 33 0.800 0.859 0.899 0.932 0.954 0.970 0.979 0.983 0.984 0.982
0 0 0 0 0 0 34 0.788 0.858 0.898 0.927 0.953 0.970 0.980 0.983 0.982 0.979
0 0 0 0 0 0 35 0.797 0.857 0.895 0.924 0.946 0.964 0.974 0.978 0.979 0.975
0 0 0 0 0 0 36 0.823 0.861 0.905 0.935 0.954 0.970 0.980 0.985 0.985 0.980
0 0 0 0 0 0 37 0.821 0.857 0.905 0.935 0.957 0.970 0.981 0.985 0.984 0.982
0 0 0 0 0 0 38 0.806 0.874 0.904 0.942 0.955 0.969 0.980 0.985 0.984 0.983
0 0 0 0 0 0 39 0.828 0.883 0.912 0.939 0.958 0.973 0.983 0.987 0.988 0.988
0 0 0 0 0 0 40 0.829 0.876 0.914 0.942 0.958 0.973 0.983 0.987 0.987 0.990
0 0 0 0 0 0 41 0.828 0.867 0.906 0.935 0.953 0.967 0.978 0.981 0.983 0.980
0 0 0 0 0 0 42 0.825 0.877 0.918 0.940 0.957 0.969 0.979 0.982 0.984 0.983
0 0 0 0 0 0 43 0.833 0.878 0.914 0.937 0.954 0.968 0.977 0.982 0.981 0.976
0 0 0 0 0 0 44 0.825 0.871 0.917 0.941 0.955 0.972 0.980 0.985 0.986 0.982
0 0 0 0 0 0 45 0.779 0.820 0.850 0.870 0.889 0.900 0.910 0.915 0.916 0.912
0 0 0 0 0 0 46 0.838 0.880 0.917 0.943 0.963 0.972 0.982 0.985 0.985 0.978
0 0 0 0 0 0 47 0.833 0.893 0.923 0.945 0.958 0.971 0.978 0.982 0.982 0.978
## root/medium_muon_2018/2018_IDISO_plus.root muonEffi_mc_eta_pt
ETA 0 0 48 -1 -2.4 -2.3 -2.2 -2.1 -2.0 -1.9 -1.8 -1.7 -1.6 -1.5 -1.4 -1.3 -1.2 -1.1 -1.0 -0.9 -0.8 -0.7 -0.6 -0.5 -0.4 -0.3 -0.2 -0.1 0.0 0.1 0.2 0.3 0.4 0.5 0.6 0.7 0.8 0.9 1.0 1.1 1.2 1.3 1.4 1.5 1.6 1.7 1.8 1.9 2.0 2.1 2.2 2.3 2.4
PT 0 0 10 -1 10.0 15.0 20.0 25.0 30.0 35.0 40.0 45.0 50.0 60.0 120.0
0 0 0 1 0 0 0 0.841 0.876 0.918 0.949 0.964 0.978 0.983 0.988 0.988 0.985
0 0 0 1 0 0 1 0.834 0.880 0.917 0.945 0.964 0.978 0.985 0.989 0.990 0.991
0 0 0 1 0 0 2 0.796 0.849 0.899 0.923 0.936 0.950 0.962 0.966 0.962 0.966
0 0 0 1 0 0 3 0.835 0.885 0.912 0.949 0.962 0.975 0.986 0.989 0.992 0.990
0 0 0 1 0 0 4 0.833 0.883 0.911 0.946 0.962 0.974 0.986 0.990 0.992 0.991
0 0 0 1 0 0 5 0.827 0.877 0.913 0.943 0.962 0.973 0.985 0.989 0.991 0.993
0 0 0 1 0 0 6 0.826 0.860 0.914 0.944 0.959 0.976 0.984 0.988 0.989 0.990
0 0 0 1 0 0 7 0.802 0.867 0.910 0.941 0.962 0.973 0.984 0.988 0.990 0.989
0 0 0 1 0 0 8 0.819 0.870 0.914 0.942 0.959 0.973 0.984 0.989 0.988 0.991
0 0 0 1 0 0 9 0.803 0.863 0.906 0.936 0.958 0.972 0.983 0.987 0.988 0.986
0 0 0 1 0 0 10 0.817 0.854 0.909 0.936 0.953 0.973 0.982 0.986 0.986 0.986
0 0 0 1 0 0 11 0.802 0.862 0.903 0.929 0.952 0.970 0.982 0.986 0.985 0.984
0 0 0 1 0 0 12 0.804 0.860 0.899 0.932 0.957 0.973 0.983 0.987 0.988 0.983
0 0 0 1 0 0 13 0.804 0.866 0.904 0.936 0.957 0.974 0.983 0.986 0.987 0.986
0 0 0 1 0 0 14 0.798 0.858 0.906 0.931 0.959 0.975 0.983 0.987 0.987 0.985
0 0 0 1 0 0 15 0.794 0.867 0.907 0.936 0.959 0.973 0.984 0.988 0.986 0.986
0 0 0 1 0 0 16 0.800 0.866 0.905 0.935 0.961 0.973 0.983 0.988 0.988 0.988
0 0 0 1 0 0 17 0.796 0.868 0.905 0.935 0.962 0.977 0.984 0.988 0.988 0.988
0 0 0 1 0 0 18 0.807 0.862 0.908 0.941 0.960 0.975 0.985 0.988 0.988 0.989
0 0 0 1 0 0 19 0.792 0.853 0.907 0.941 0.962 0.977 0.985 0.988 0.990 0.990
0 0 0 1 0 0 20 0.796 0.862 0.907 0.944 0.963 0.976 0.985 0.989 0.987 0.989
0 0 0 1 0 0 21 0.788 0.845 0.895 0.933 0.953 0.966 0.975 0.979 0.979 0.980
0 0 0 1 0 0 22 0.780 0.853 0.900 0.934 0.953 0.967 0.977 0.978 0.978 0.979
0 0 0 1 0 0 23 0.770 0.850 0.904 0.942 0.961 0.975 0.983 0.987 0.986 0.986
0 0 0 1 0 0 24 0.793 0.858 0.908 0.943 0.963 0.975 0.982 0.986 0.987 0.984
0 0 0 1 0 0 25 0.778 0.852 0.901 0.936 0.955 0.967 0.976 0.979 0.979 0.977
0 0 0 1 0 0 26 0.782 0.850 0.897 0.930 0.952 0.964 0.974 0.977 0.978 0.976
0 0 0 1 0 0 27 0.818 0.859 0.905 0.941 0.960 0.974 0.984 0.987 0.987 0.988
0 0 0 1 0 0 28 0.812 0.857 0.908 0.943 0.964 0.977 0.986 0.988 0.988 0.990
0 0 0 1 0 0 29 0.805 0.867 0.899 0.942 0.960 0.976 0.985 0.987 0.989 0.987
0 0 0 1 0 0 30 0.794 0.868 0.900 0.940 0.961 0.976 0.985 0.987 0.988 0.989
0 0 0 1 0 0 31 0.790 0.849 0.900 0.938 0.960 0.974 0.984 0.986 0.987 0.988
0 0 0 1 0 0 32 0.812 0.862 0.900 0.933 0.956 0.974 0.982 0.987 0.987 0.986
0 0 0 1 0 0 33 0.811 0.861 0.906 0.937 0.957 0.974 0.983 0.987 0.987 0.988
0 0 0 1 0 0 34 0.796 0.863 0.898 0.934 0.959 0.974 0.984 0.987 0.989 0.987
0 0 0 1 0 0 35 0.778 0.862 0.900 0.931 0.953 0.970 0.981 0.984 0.985 0.984
0 0 0 1 0 0 36 0.803 0.849 0.898 0.931 0.953 0.971 0.981 0.986 0.985 0.983
0 0 0 1 0 0 37 0.814 0.854 0.906 0.930 0.953 0.967 0.980 0.982 0.983 0.981
0 0 0 1 0 0 38 0.810 0.857 0.909 0.938 0.956 0.968 0.981 0.985 0.987 0.982
0 0 0 1 0 0 39 0.812 0.884 0.908 0.944 0.963 0.974 0.985 0.988 0.990 0.989
0 0 0 1 0 0 40 0.815 0.877 0.916 0.941 0.960 0.975 0.985 0.989 0.990 0.989
0 0 0 1 0 0 41 0.820 0.874 0.912 0.943 0.961 0.973 0.984 0.989 0.991 0.991
0 0 0 1 0 0 42 0.827 0.876 0.916 0.940 0.962 0.975 0.985 0.989 0.991 0.992
0 0 0 1 0 0 43 0.840 0.871 0.917 0.942 0.960 0.975 0.985 0.990 0.991 0.991
0 0 0 1 0 0 44 0.809 0.879 0.915 0.946 0.962 0.976 0.986 0.989 0.991 0.990
0 0 0 1 0 0 45 0.816 0.846 0.894 0.923 0.936 0.954 0.961 0.966 0.965 0.966
0 0 0 1 0 0 46 0.834 0.880 0.914 0.945 0.966 0.977 0.985 0.990 0.991 0.988
0 0 0 1 0 0 47 0.841 0.880 0.920 0.947 0.967 0.977 0.985 0.989 0.991 0.989
## root/medium_muon_2018/2018_IDISO_minus.root muonEffi_data_eta_pt
ETA 0 0 48 -1 -2.4 -2.3 -2.2 -2.1 -2.0 -1.9 -1.8 -1.7 -1.6 -1.5 -1.4 -1.3 -1.2 -1.1 -1.0 -0.9 -0.8 -0.7 -0.6 -0.5 -0.4 -0.3 -0.2 -0.1 0.0 0.1 0.2 0.3 0.4 0.5 0.6 0.7 0.8 0.9 1.0 1.1 1.2 1.3 1.4 1.5 1.6 1.7 1.8 1.9 2.0 2.1 2.2 2.3 2.4
PT 0 0 10 -1 10.0 15.0 20.0 25.0 30.0 35.0 40.0 45.0 50.0 60.0 120.0
0 0 0 0 0 1 0 0.864 0.882 0.919 0.936 0.953 0.967 0.975 0.977 0.975 0.977
0 0 0 0 0 1 1 0.826 0.894 0.920 0.943 0.959 0.973 0.980 0.982 0.982 0.981
0 0 0 0 0 1 2 0.783 0.804 0.842 0.864 0.879 0.897 0.903 0.908 0.904 0.906
0 0 0 0 0 1 3 0.832 0.879 0.914 0.941 0.955 0.970 0.979 0.982 0.982 0.981
0 0 0 0 0 1 4 0.816 0.873 0.903 0.929 0.949 0.962 0.970 0.974 0.974 0.971
0 0 0 0 0 1 5 0.821 0.870 0.912 0.935 0.952 0.967 0.976 0.980 0.980 0.976
0 0 0 0 0 1 6 0.804 0.862 0.906 0.925 0.944 0.959 0.967 0.972 0.971 0.964
0 0 0 0 0 1 7 0.822 0.874 0.912 0.938 0.955 0.970 0.978 0.983 0.983 0.985
0 0 0 0 0 1 8 0.827 0.875 0.917 0.937 0.960 0.973 0.982 0.986 0.987 0.987
0 0 0 0 0 1 9 0.831 0.872 0.906 0.938 0.954 0.970 0.980 0.984 0.985 0.987
0 0 0 0 0 1 10 0.827 0.869 0.907 0.934 0.954 0.971 0.981 0.984 0.985 0.984
0 0 0 0 0 1 11 0.806 0.866 0.899 0.930 0.953 0.969 0.981 0.984 0.984 0.983
0 0 0 0 0 1 12 0.810 0.855 0.893 0.928 0.948 0.968 0.977 0.982 0.982 0.980
0 0 0 0 0 1 13 0.791 0.858 0.896 0.931 0.951 0.969 0.979 0.983 0.983 0.980
0 0 0 0 0 1 14 0.790 0.851 0.895 0.926 0.952 0.969 0.979 0.982 0.983 0.979
0 0 0 0 0 1 15 0.806 0.858 0.900 0.932 0.957 0.970 0.980 0.984 0.984 0.983
0 0 0 0 0 1 16 0.771 0.853 0.901 0.936 0.955 0.971 0.981 0.984 0.984 0.985
0 0 0 0 0 1 17 0.804 0.854 0.904 0.930 0.956 0.972 0.981 0.986 0.985 0.985
0 0 0 0 0 1 18 0.793 0.855 0.899 0.933 0.957 0.973 0.981 0.985 0.985 0.984
0 0 0 0 0 1 19 0.775 0.851 0.898 0.936 0.958 0.973 0.982 0.986 0.988 0.986
0 0 0 0 0 1 20 0.803 0.852 0.903 0.935 0.958 0.972 0.982 0.985 0.987 0.987
0 0 0 0 0 1 21 0.780 0.834 0.888 0.925 0.947 0.960 0.969 0.972 0.973 0.972
0 0 0 0 0 1 22 0.774 0.845 0.891 0.929 0.948 0.960 0.969 0.972 0.971 0.971
0 0 0 0 0 1 23 0.798 0.852 0.901 0.936 0.957 0.971 0.981 0.985 0.985 0.982
0 0 0 0 0 1 24 0.776 0.852 0.900 0.938 0.958 0.972 0.981 0.984 0.984 0.983
0 0 0 0 0 1 25 0.767 0.844 0.893 0.929 0.948 0.962 0.969 0.973 0.974 0.973
0 0 0 0 0 1 26 0.750 0.837 0.884 0.922 0.945 0.958 0.966 0.971 0.970 0.969
0 0 0 0 0 1 27 0.781 0.857 0.896 0.933 0.957 0.970 0.980 0.984 0.985 0.983
0 0 0 0 0 1 28 0.788 0.850 0.900 0.934 0.958 0.972 0.982 0.985 0.985 0.987
0 0 0 0 0 1 29 0.800 0.854 0.895 0.934 0.956 0.972 0.980 0.984 0.983 0.980
0 0 0 0 0 1 30 0.762 0.849 0.901 0.933 0.957 0.973 0.982 0.985 0.985 0.985
0 0 0 0 0 1 31 0.786 0.855 0.900 0.932 0.954 0.970 0.980 0.985 0.983 0.985
0 0 0 0 0 1 32 0.797 0.861 0.904 0.929 0.954 0.970 0.978 0.982 0.982 0.980
0 0 0 0 0 1 33 0.795 0.859 0.903 0.932 0.951 0.969 0.979 0.982 0.984 0.980
0 0 0 0 0 1 34 0.788 0.853 0.894 0.930 0.952 0.970 0.980 0.983 0.983 0.982
0 0 0 0 0 1 35 0.789 0.856 0.893 0.925 0.947 0.964 0.975 0.978 0.979 0.973
0 0 0 0 0 1 36 0.801 0.869 0.901 0.928 0.954 0.970 0.980 0.985 0.985 0.982
0 0 0 0 0 1 37 0.822 0.863 0.911 0.933 0.957 0.972 0.981 0.985 0.986 0.984
0 0 0 0 0 1 38 0.816 0.876 0.914 0.938 0.955 0.971 0.981 0.984 0.984 0.985
0 0 0 0 0 1 39 0.824 0.876 0.915 0.942 0.960 0.973 0.984 0.987 0.987 0.986
0 0 0 0 0 1 40 0.845 0.879 0.909 0.941 0.961 0.973 0.983 0.986 0.987 0.988
0 0 0 0 0 1 41 0.816 0.876 0.912 0.939 0.952 0.968 0.977 0.981 0.980 0.985
0 0 0 0 0 1 42 0.811 0.875 0.910 0.939 0.956 0.969 0.980 0.984 0.985 0.984
0 0 0 0 0 1 43 0.839 0.874 0.915 0.940 0.955 0.967 0.976 0.981 0.980 0.977
0 0 0 0 0 1 44 0.843 0.875 0.913 0.943 0.958 0.973 0.982 0.984 0.985 0.981
0 0 0 0 0 1 45 0.781 0.823 0.849 0.866 0.892 0.901 0.911 0.914 0.913 0.913
0 0 0 0 0 1 46 0.850 0.882 0.914 0.946 0.962 0.974 0.982 0.985 0.987 0.983
0 0 0 0 0 1 47 0.851 0.892 0.921 0.943 0.959 0.971 0.979 0.981 0.980 0.975
## root/medium_muon_2018/2018_IDISO_minus.root muonEffi_mc_eta_pt
ETA 0 0 48 -1 -2.4 -2.3 -2.2 -2.1 -2.0 -1.9 -1.8 -1.7 -1.6 -1.5 -1.4 -1.3 -1.2 -1.1 -1.0 -0.9 -0.8 -0.7 -0.6 -0.5 -0.4 -0.3 -0.2 -0.1 0.0 0.1 0.2 0.3 0.4 0.5 0.6 0.7 0.8 0.9 1.0 1.1 1.2 1.3 1.4 1.5 1.6 1.7 1.8 1.9 2.0 2.1 2.2 2.3 2.4
PT 0 0 10 -1 10.0 15.0 20.0 25.0 30.0 35.0 40.0 45.0 50.0 60.0 120.0
0 0 0 1 0 1 0 0.837 0.876 0.919 0.945 0.963 0.976 0.984 0.988 0.989 0.988
0 0 0 1 0 1 1 0.826 0.878 0.921 0.944 0.964 0.976 0.985 0.990 0.991 0.989
0 0 0 1 0 1 2 0.789 0.845 0.885 0.922 0.940 0.950 0.960 0.966 0.966 0.967
0 0 0 1 0 1 3 0.818 0.878 0.913 0.943 0.962 0.976 0.986 0.989 0.989 0.992
0 0 0 1 0 1 4 0.828 0.878 0.917 0.945 0.962 0.976 0.984 0.989 0.990 0.989
0 0 0 1 0 1 5 0.829 0.867 0.908 0.942 0.960 0.974 0.985 0.988 0.990 0.989
0 0 0 1 0 1 6 0.816 0.871 0.912 0.940 0.962 0.975 0.984 0.989 0.990 0.991
0 0 0 1 0 1 7 0.828 0.878 0.915 0.939 0.960 0.975 0.986 0.989 0.990 0.989
0 0 0 1 0 1 8 0.828 0.870 0.912 0.941 0.958 0.975 0.985 0.989 0.990 0.990
0 0 0 1 0 1 9 0.831 0.869 0.905 0.938 0.955 0.972 0.983 0.985 0.988 0.987
0 0 0 1 0 1 10 0.817 0.865 0.910 0.934 0.956 0.970 0.982 0.984 0.985 0.981
0 0 0 1 0 1 11 0.804 0.857 0.895 0.933 0.953 0.971 0.981 0.984 0.985 0.984
0 0 0 1 0 1 12 0.798 0.857 0.900 0.936 0.955 0.972 0.983 0.986 0.988 0.987
0 0 0 1 0 1 13 0.802 0.861 0.897 0.935 0.956 0.972 0.984 0.987 0.988 0.988
0 0 0 1 0 1 14 0.819 0.868 0.907 0.934 0.958 0.972 0.982 0.987 0.985 0.985
0 0 0 1 0 1 15 0.818 0.857 0.905 0.941 0.960 0.973 0.984 0.987 0.986 0.987
0 0 0 1 0 1 16 0.814 0.857 0.901 0.936 0.958 0.974 0.984 0.987 0.988 0.987
0 0 0 1 0 1 17 0.793 0.864 0.905 0.938 0.962 0.975 0.984 0.987 0.988 0.987
0 0 0 1 0 1 18 0.795 0.862 0.905 0.941 0.962 0.976 0.984 0.988 0.987 0.987
0 0 0 1 0 1 19 0.790 0.860 0.904 0.940 0.963 0.977 0.985 0.989 0.989 0.989
0 0 0 1 0 1 20 0.799 0.848 0.907 0.941 0.963 0.976 0.985 0.987 0.988 0.988
0 0 0 1 0 1 21 0.793 0.839 0.900 0.933 0.952 0.966 0.975 0.976 0.979 0.980
0 0 0 1 0 1 22 0.799 0.854 0.905 0.936 0.954 0.968 0.977 0.979 0.977 0.980
0 0 0 1 0 1 23 0.791 0.855 0.905 0.944 0.961 0.975 0.984 0.987 0.987 0.989
0 0 0 1 0 1 24 0.777 0.851 0.908 0.943 0.962 0.973 0.983 0.987 0.986 0.986
0 0 0 1 0 1 25 0.781 0.847 0.903 0.935 0.955 0.969 0.976 0.980 0.980 0.981
0 0 0 1 0 1 26 0.785 0.833 0.894 0.930 0.950 0.965 0.974 0.977 0.977 0.979
0 0 0 1 0 1 27 0.791 0.856 0.902 0.941 0.962 0.975 0.984 0.987 0.987 0.988
0 0 0 1 0 1 28 0.798 0.859 0.902 0.940 0.963 0.977 0.985 0.988 0.988 0.989
0 0 0 1 0 1 29 0.791 0.863 0.901 0.938 0.961 0.976 0.985 0.987 0.988 0.989
0 0 0 1 0 1 30 0.802 0.861 0.906 0.939 0.960 0.975 0.984 0.987 0.989 0.987
0 0 0 1 0 1 31 0.812 0.862 0.897 0.936 0.958 0.972 0.983 0.987 0.987 0.989
0 0 0 1 0 1 32 0.825 0.870 0.909 0.933 0.959 0.974 0.983 0.986 0.988 0.986
0 0 0 1 0 1 33 0.810 0.861 0.901 0.933 0.957 0.972 0.983 0.986 0.986 0.984
0 0 0 1 0 1 34 0.797 0.855 0.898 0.935 0.958 0.973 0.983 0.987 0.987 0.985
0 0 0 1 0 1 35 0.782 0.859 0.898 0.934 0.953 0.971 0.980 0.985 0.986 0.985
0 0 0 1 0 1 36 0.820 0.859 0.903 0.929 0.954 0.970 0.982 0.985 0.985 0.981
0 0 0 1 0 1 37 0.805 0.858 0.904 0.931 0.955 0.969 0.978 0.983 0.981 0.981
0 0 0 1 0 1 38 0.822 0.873 0.905 0.938 0.955 0.970 0.981 0.985 0.986 0.984
0 0 0 1 0 1 39 0.824 0.883 0.911 0.943 0.961 0.974 0.984 0.988 0.989 0.990
0 0 0 1 0 1 40 0.831 0.868 0.908 0.945 0.962 0.976 0.985 0.989 0.991 0.991
0 0 0 1 0 1 41 0.828 0.875 0.913 0.939 0.963 0.974 0.985 0.990 0.989 0.990
0 0 0 1 0 1 42 0.809 0.886 0.916 0.942 0.961 0.974 0.986 0.990 0.989 0.992
0 0 0 1 0 1 43 0.826 0.873 0.909 0.944 0.962 0.976 0.987 0.989 0.992 0.989
0 0 0 1 0 1 44 0.823 0.875 0.922 0.946 0.964 0.975 0.986 0.988 0.991 0.991
0 0 0 1 0 1 45 0.817 0.854 0.889 0.919 0.941 0.952 0.963 0.967 0.967 0.971
0 0 0 1 0 1 46 0.823 0.882 0.918 0.946 0.962 0.977 0.987 0.989 0.989 0.989
0 0 0 1 0 1 47 0.840 0.887 0.921 0.948 0.965 0.975 0.985 0.989 0.990 0.984
## root/medium_muon_2018/2018_IsoMu24_plus.root muonEffi_data_eta_pt
ETA 0 1 48 -1 -2.4 -2.3 -2.2 -2.1 -2.0 -1.9 -1.8 -1.7 -1.6 -1.5 -1.4 -1.3 -1.2 -1.1 -1.0 -0.9 -0.8 -0.7 -0.6 -0.5 -0.4 -0.3 -0.2 -0.1 0.0 0.1 0.2 0.3 0.4 0.5 0.6 0.7 0.8 0.9 1.0 1.1 1.2 1.3 1.4 1.5 1.6 1.7 1.8 1.9 2.0 2.1 2.2 2.3 2.4
PT 0 1 7 -1 26.0 30.0 35.0 40.0 45.0 50.0 60.0 120.0
0 0 0 0 1 0 0 0.571 0.655 0.717 0.753 0.769 0.782 0.793
0 0 0 0 1 0 1 0.715 0.775 0.816 0.835 0.846 0.848 0.862
0 0 0 0 1 0 2 0.732 0.777 0.809 0.824 0.834 0.842 0.846
0 0 0 0 1 0 3 0.794 0.827 0.846 0.861 0.866 0.872 0.867
0 0 0 0 1 0 4 0.820 0.844 0.865 0.875 0.882 0.881 0.883
0 0 0 0 1 0 5 0.803 0.824 0.845 0.855 0.861 0.860 0.865
0 0 0 0 1 0 6 0.712 0.733 0.754 0.763 0.766 0.769 0.771
0 0 0 0 1 0 7 0.849 0.875 0.890 0.905 0.909 0.915 0.914
0 0 0 0 1 0 8 0.869 0.895 0.914 0.929 0.935 0.940 0.944
0 0 0 0 1 0 9 0.866 0.885 0.909 0.926 0.933 0.940 0.942
0 0 0 0 1 0 10 0.879 0.901 0.923 0.937 0.943 0.949 0.953
0 0 0 0 1 0 11 0.862 0.889 0.915 0.931 0.938 0.941 0.943
0 0 0 0 1 0 12 0.819 0.861 0.888 0.902 0.908 0.910 0.910
0 0 0 0 1 0 13 0.862 0.901 0.924 0.938 0.941 0.943 0.939
0 0 0 0 1 0 14 0.859 0.896 0.921 0.934 0.940 0.942 0.943
0 0 0 0 1 0 15 0.804 0.832 0.848 0.857 0.860 0.858 0.854
0 0 0 0 1 0 16 0.875 0.899 0.918 0.926 0.930 0.933 0.931
0 0 0 0 1 0 17 0.892 0.917 0.934 0.944 0.949 0.950 0.952
0 0 0 0 1 0 18 0.887 0.912 0.929 0.941 0.945 0.946 0.950
0 0 0 0 1 0 19 0.902 0.928 0.945 0.955 0.960 0.962 0.963
0 0 0 0 1 0 20 0.873 0.903 0.922 0.933 0.936 0.937 0.937
0 0 0 0 1 0 21 0.754 0.779 0.794 0.799 0.804 0.802 0.801
0 0 0 0 1 0 22 0.868 0.894 0.911 0.921 0.927 0.929 0.931
0 0 0 0 1 0 23 0.896 0.921 0.939 0.952 0.957 0.959 0.961
0 0 0 0 1 0 24 0.893 0.921 0.936 0.949 0.955 0.957 0.961
0 0 0 0 1 0 25 0.866 0.889 0.906 0.919 0.923 0.924 0.923
0 0 0 0 1 0 26 0.744 0.770 0.785 0.794 0.796 0.796 0.794
0 0 0 0 1 0 27 0.860 0.888 0.906 0.915 0.920 0.919 0.920
0 0 0 0 1 0 28 0.895 0.922 0.937 0.948 0.952 0.955 0.959
0 0 0 0 1 0 29 0.883 0.907 0.924 0.934 0.939 0.941 0.941
0 0 0 0 1 0 30 0.886 0.907 0.925 0.934 0.938 0.941 0.940
0 0 0 0 1 0 31 0.864 0.890 0.908 0.918 0.922 0.922 0.919
0 0 0 0 1 0 32 0.805 0.830 0.849 0.860 0.863 0.861 0.862
0 0 0 0 1 0 33 0.831 0.880 0.906 0.922 0.930 0.931 0.933
0 0 0 0 1 0 34 0.852 0.892 0.918 0.928 0.933 0.934 0.932
0 0 0 0 1 0 35 0.829 0.862 0.889 0.901 0.906 0.905 0.901
0 0 0 0 1 0 36 0.862 0.887 0.909 0.922 0.928 0.931 0.933
0 0 0 0 1 0 37 0.875 0.899 0.918 0.932 0.936 0.941 0.944
0 0 0 0 1 0 38 0.864 0.884 0.909 0.921 0.928 0.933 0.938
0 0 0 0 1 0 39 0.883 0.898 0.921 0.934 0.938 0.940 0.943
0 0 0 0 1 0 40 0.865 0.891 0.907 0.921 0.925 0.928 0.928
0 0 0 0 1 0 41 0.757 0.773 0.784 0.796 0.800 0.802 0.804
0 0 0 0 1 0 42 0.835 0.853 0.867 0.877 0.885 0.887 0.888
0 0 0 0 1 0 43 0.849 0.870 0.887 0.901 0.904 0.907 0.908
0 0 0 0 1 0 44 0.831 0.855 0.873 0.882 0.890 0.892 0.895
0 0 0 0 1 0 45 0.785 0.815 0.832 0.845 0.851 0.854 0.852
0 0 0 0 1 0 46 0.797 0.832 0.855 0.869 0.872 0.874 0.875
0 0 0 0 1 0 47 0.704 0.754 0.788 0.807 0.816 0.816 0.821
## root/medium_muon_2018/2018_IsoMu24_plus.root muonEffi_mc_eta_pt
ETA 0 1 48 -1 -2.4 -2.3 -2.2 -2.1 -2.0 -1.9 -1.8 -1.7 -1.6 -1.5 -1.4 -1.3 -1.2 -1.1 -1.0 -0.9 -0.8 -0.7 -0.6 -0.5 -0.4 -0.3 -0.2 -0.1 0.0 0.1 0.2 0.3 0.4 0.5 0.6 0.7 0.8 0.9 1.0 1.1 1.2 1.3 1.4 1.5 1.6 1.7 1.8 1.9 2.0 2.1 2.2 2.3 2.4
PT 0 1 7 -1 26.0 30.0 35.0 40.0 45.0 50.0 60.0 120.0
0 0 0 1 1 0 0 0.678 0.739 0.773 0.792 0.809 0.810 0.808
0 0 0 1 1 0 1 0.768 0.803 0.834 0.854 0.862 0.871 0.867
0 0 0 1 1 0 2 0.698 0.722 0.748 0.771 0.779 0.782 0.782
0 0 0 1 1 0 3 0.778 0.801 0.828 0.841 0.849 0.855 0.860
0 0 0 1 1 0 4 0.816 0.836 0.853 0.868 0.877 0.879 0.884
0 0 0 1 1 0 5 0.802 0.824 0.844 0.854 0.861 0.864 0.869
0 0 0 1 1 0 6 0.743 0.766 0.778 0.791 0.800 0.803 0.803
0 0 0 1 1 0 7 0.853 0.870 0.893 0.910 0.915 0.918 0.923
0 0 0 1 1 0 8 0.865 0.891 0.914 0.929 0.937 0.937 0.945
0 0 0 1 1 0 9 0.828 0.856 0.884 0.901 0.909 0.914 0.921
0 0 0 1 1 0 10 0.858 0.886 0.912 0.929 0.937 0.941 0.946
0 0 0 1 1 0 11 0.860 0.894 0.922 0.937 0.943 0.947 0.952
0 0 0 1 1 0 12 0.847 0.889 0.919 0.932 0.938 0.945 0.946
0 0 0 1 1 0 13 0.900 0.926 0.950 0.963 0.968 0.969 0.971
0 0 0 1 1 0 14 0.889 0.919 0.940 0.954 0.958 0.960 0.963
0 0 0 1 1 0 15 0.829 0.852 0.868 0.877 0.878 0.879 0.883
0 0 0 1 1 0 16 0.889 0.914 0.930 0.942 0.945 0.946 0.954
0 0 0 1 1 0 17 0.904 0.931 0.948 0.957 0.960 0.963 0.966
0 0 0 1 1 0 18 0.899 0.931 0.944 0.957 0.959 0.961 0.967
0 0 0 1 1 0 19 0.913 0.939 0.957 0.967 0.971 0.974 0.978
0 0 0 1 1 0 20 0.905 0.924 0.942 0.952 0.955 0.957 0.959
0 0 0 1 1 0 21 0.795 0.814 0.828 0.837 0.840 0.839 0.839
0 0 0 1 1 0 22 0.889 0.913 0.927 0.938 0.944 0.948 0.947
0 0 0 1 1 0 23 0.916 0.937 0.955 0.966 0.970 0.972 0.975
0 0 0 1 1 0 24 0.914 0.936 0.953 0.965 0.967 0.972 0.974
0 0 0 1 1 0 25 0.888 0.910 0.926 0.939 0.941 0.945 0.949
0 0 0 1 1 0 26 0.790 0.813 0.830 0.836 0.839 0.837 0.831
0 0 0 1 1 0 27 0.905 0.926 0.943 0.955 0.959 0.958 0.960
0 0 0 1 1 0 28 0.914 0.941 0.955 0.968 0.974 0.976 0.977
0 0 0 1 1 0 29 0.908 0.929 0.947 0.959 0.964 0.965 0.967
0 0 0 1 1 0 30 0.911 0.934 0.951 0.963 0.965 0.967 0.968
0 0 0 1 1 0 31 0.898 0.920 0.938 0.947 0.952 0.954 0.951
0 0 0 1 1 0 32 0.844 0.869 0.886 0.894 0.897 0.903 0.899
0 0 0 1 1 0 33 0.889 0.923 0.947 0.959 0.965 0.965 0.971
0 0 0 1 1 0 34 0.881 0.924 0.947 0.961 0.968 0.969 0.973
0 0 0 1 1 0 35 0.848 0.887 0.917 0.932 0.938 0.943 0.945
0 0 0 1 1 0 36 0.860 0.894 0.917 0.934 0.942 0.943 0.948
0 0 0 1 1 0 37 0.856 0.891 0.915 0.929 0.937 0.941 0.947
0 0 0 1 1 0 38 0.827 0.857 0.883 0.899 0.902 0.911 0.923
0 0 0 1 1 0 39 0.862 0.889 0.914 0.927 0.935 0.938 0.946
0 0 0 1 1 0 40 0.856 0.879 0.898 0.914 0.922 0.928 0.926
0 0 0 1 1 0 41 0.775 0.788 0.808 0.820 0.827 0.828 0.840
0 0 0 1 1 0 42 0.811 0.835 0.853 0.865 0.871 0.877 0.878
0 0 0 1 1 0 43 0.831 0.846 0.872 0.884 0.890 0.896 0.895
0 0 0 1 1 0 44 0.777 0.806 0.831 0.848 0.854 0.858 0.861
0 0 0 1 1 0 45 0.705 0.741 0.769 0.777 0.782 0.792 0.801
0 0 0 1 1 0 46 0.776 0.814 0.840 0.863 0.868 0.878 0.881
0 0 0 1 1 0 47 0.698 0.750 0.787 0.807 0.813 0.814 0.833
## root/medium_muon_2018/2018_IsoMu24_minus.root muonEffi_data_eta_pt
ETA 0 1 48 -1 -2.4 -2.3 -2.2 -2.1 -2.0 -1.9 -1.8 -1.7 -1.6 -1.5 -1.4 -1.3 -1.2 -1.1 -1.0 -0.9 -0.8 -0.7 -0.6 -0.5 -0.4 -0.3 -0.2 -0.1 0.0 0.1 0.2 0.3 0.4 0.5 0.6 0.7 0.8 0.9 1.0 1.1 1.2 1.3 1.4 1.5 1.6 1.7 1.8 1.9 2.0 2.1 2.2 2.3 2.4
PT 0 1 7 -1 26.0 30.0 35.0 40.0 45.0 50.0 60.0 120.0
0 0 0 0 1 1 0 0.738 0.776 0.800 0.814 0.820 0.818 0.816
0 0 0 0 1 1 1 0.806 0.838 0.859 0.866 0.876 0.874 0.881
0 0 0 0 1 1 2 0.793 0.813 0.831 0.843 0.848 0.850 0.851
0 0 0 0 1 1 3 0.826 0.845 0.864 0.872 0.878 0.876 0.880
0 0 0 0 1 1 4 0.838 0.860 0.874 0.885 0.892 0.894 0.893
0 0 0 0 1 1 5 0.822 0.837 0.851 0.860 0.865 0.868 0.867
0 0 0 0 1 1 6 0.729 0.746 0.761 0.773 0.775 0.779 0.773
0 0 0 0 1 1 7 0.862 0.882 0.899 0.912 0.919 0.921 0.919
0 0 0 0 1 1 8 0.883 0.904 0.924 0.938 0.943 0.947 0.949
0 0 0 0 1 1 9 0.873 0.898 0.916 0.930 0.936 0.941 0.949
0 0 0 0 1 1 10 0.887 0.912 0.929 0.941 0.948 0.950 0.955
0 0 0 0 1 1 11 0.878 0.903 0.923 0.936 0.943 0.942 0.944
0 0 0 0 1 1 12 0.830 0.868 0.892 0.905 0.912 0.911 0.912
0 0 0 0 1 1 13 0.841 0.889 0.915 0.931 0.936 0.939 0.936
0 0 0 0 1 1 14 0.811 0.877 0.909 0.925 0.932 0.934 0.934
0 0 0 0 1 1 15 0.810 0.836 0.854 0.864 0.866 0.866 0.863
0 0 0 0 1 1 16 0.879 0.908 0.925 0.933 0.938 0.939 0.933
0 0 0 0 1 1 17 0.895 0.922 0.940 0.950 0.955 0.957 0.953
0 0 0 0 1 1 18 0.895 0.920 0.937 0.947 0.951 0.952 0.951
0 0 0 0 1 1 19 0.906 0.932 0.949 0.960 0.963 0.967 0.966
0 0 0 0 1 1 20 0.879 0.909 0.926 0.935 0.940 0.940 0.941
0 0 0 0 1 1 21 0.757 0.778 0.795 0.802 0.802 0.803 0.802
0 0 0 0 1 1 22 0.877 0.900 0.918 0.928 0.933 0.933 0.935
0 0 0 0 1 1 23 0.898 0.923 0.942 0.952 0.959 0.959 0.964
0 0 0 0 1 1 24 0.895 0.924 0.941 0.952 0.955 0.959 0.965
0 0 0 0 1 1 25 0.873 0.897 0.913 0.923 0.928 0.930 0.930
0 0 0 0 1 1 26 0.750 0.774 0.790 0.797 0.797 0.795 0.796
0 0 0 0 1 1 27 0.865 0.893 0.909 0.918 0.921 0.923 0.920
0 0 0 0 1 1 28 0.898 0.925 0.942 0.952 0.957 0.958 0.959
0 0 0 0 1 1 29 0.886 0.916 0.931 0.940 0.944 0.945 0.944
0 0 0 0 1 1 30 0.890 0.913 0.931 0.939 0.942 0.945 0.945
0 0 0 0 1 1 31 0.870 0.900 0.915 0.926 0.929 0.928 0.927
0 0 0 0 1 1 32 0.816 0.841 0.860 0.866 0.870 0.870 0.863
0 0 0 0 1 1 33 0.842 0.885 0.912 0.926 0.931 0.935 0.936
0 0 0 0 1 1 34 0.835 0.876 0.908 0.923 0.929 0.932 0.929
0 0 0 0 1 1 35 0.808 0.851 0.878 0.892 0.898 0.901 0.897
0 0 0 0 1 1 36 0.836 0.876 0.904 0.919 0.927 0.931 0.936
0 0 0 0 1 1 37 0.847 0.889 0.913 0.927 0.934 0.941 0.945
0 0 0 0 1 1 38 0.842 0.879 0.901 0.916 0.924 0.931 0.935
0 0 0 0 1 1 39 0.859 0.894 0.914 0.930 0.936 0.939 0.942
0 0 0 0 1 1 40 0.861 0.886 0.906 0.918 0.924 0.926 0.927
0 0 0 0 1 1 41 0.756 0.767 0.789 0.801 0.806 0.809 0.807
0 0 0 0 1 1 42 0.827 0.851 0.864 0.878 0.883 0.882 0.886
0 0 0 0 1 1 43 0.827 0.862 0.884 0.894 0.902 0.903 0.902
0 0 0 0 1 1 44 0.796 0.835 0.859 0.873 0.879 0.885 0.889
0 0 0 0 1 1 45 0.703 0.772 0.805 0.825 0.837 0.838 0.848
0 0 0 0 1 1 46 0.678 0.758 0.797 0.828 0.841 0.852 0.861
0 0 0 0 1 1 47 0.534 0.611 0.672 0.710 0.733 0.753 0.785
## root/medium_muon_2018/2018_IsoMu24_minus.root muonEffi_mc_eta_pt
ETA 0 1 48 -1 -2.4 -2.3 -2.2 -2.1 -2.0 -1.9 -1.8 -1.7 -1.6 -1.5 -1.4 -1.3 -1.2 -1.1 -1.0 -0.9 -0.8 -0.7 -0.6 -0.5 -0.4 -0.3 -0.2 -0.1 0.0 0.1 0.2 0.3 0.4 0.5 0.6 0.7 0.8 0.9 1.0 1.1 1.2 1.3 1.4 1.5 1.6 1.7 1.8 1.9 2.0 2.1 2.2 2.3 2.4
PT 0 1 7 -1 26.0 30.0 35.0 40.0 45.0 50.0 60.0 120.0
0 0 0 1 1 1 0 0.687 0.746 0.772 0.797 0.803 0.809 0.818
0 0 0 1 1 1 1 0.760 0.808 0.832 0.851 0.857 0.861 0.876
0 0 0 1 1 1 2 0.699 0.731 0.760 0.772 0.780 0.783 0.790
0 0 0 1 1 1 3 0.774 0.801 0.830 0.842 0.850 0.852 0.861
0 0 0 1 1 1 4 0.812 0.831 0.854 0.871 0.879 0.879 0.887
0 0 0 1 1 1 5 0.800 0.824 0.843 0.853 0.858 0.863 0.869
0 0 0 1 1 1 6 0.751 0.763 0.781 0.794 0.797 0.804 0.813
0 0 0 1 1 1 7 0.853 0.869 0.893 0.910 0.914 0.913 0.924
0 0 0 1 1 1 8 0.855 0.886 0.912 0.928 0.936 0.937 0.943
0 0 0 1 1 1 9 0.828 0.859 0.886 0.901 0.907 0.917 0.920
0 0 0 1 1 1 10 0.863 0.892 0.917 0.931 0.941 0.944 0.948
0 0 0 1 1 1 11 0.862 0.896 0.922 0.936 0.940 0.947 0.952
0 0 0 1 1 1 12 0.855 0.890 0.916 0.934 0.940 0.944 0.952
0 0 0 1 1 1 13 0.883 0.919 0.948 0.959 0.965 0.968 0.972
0 0 0 1 1 1 14 0.893 0.923 0.946 0.957 0.962 0.963 0.962
0 0 0 1 1 1 15 0.844 0.865 0.879 0.888 0.891 0.892 0.888
0 0 0 1 1 1 16 0.906 0.928 0.945 0.956 0.961 0.961 0.961
0 0 0 1 1 1 17 0.917 0.939 0.957 0.967 0.972 0.974 0.974
0 0 0 1 1 1 18 0.918 0.942 0.956 0.965 0.970 0.974 0.971
0 0 0 1 1 1 19 0.926 0.943 0.962 0.972 0.976 0.978 0.982
0 0 0 1 1 1 20 0.908 0.931 0.946 0.957 0.963 0.964 0.966
0 0 0 1 1 1 21 0.806 0.821 0.840 0.846 0.846 0.852 0.841
0 0 0 1 1 1 22 0.899 0.919 0.935 0.943 0.949 0.949 0.949
0 0 0 1 1 1 23 0.916 0.940 0.956 0.967 0.972 0.974 0.975
0 0 0 1 1 1 24 0.919 0.938 0.957 0.968 0.971 0.973 0.975
0 0 0 1 1 1 25 0.895 0.917 0.933 0.945 0.946 0.950 0.949
0 0 0 1 1 1 26 0.793 0.812 0.828 0.835 0.837 0.835 0.835
0 0 0 1 1 1 27 0.900 0.924 0.941 0.952 0.955 0.956 0.960
0 0 0 1 1 1 28 0.921 0.942 0.960 0.969 0.973 0.976 0.977
0 0 0 1 1 1 29 0.908 0.933 0.948 0.959 0.961 0.964 0.965
0 0 0 1 1 1 30 0.910 0.933 0.951 0.960 0.965 0.963 0.968
0 0 0 1 1 1 31 0.899 0.921 0.935 0.943 0.949 0.948 0.944
0 0 0 1 1 1 32 0.844 0.871 0.883 0.895 0.900 0.897 0.899
0 0 0 1 1 1 33 0.888 0.924 0.949 0.959 0.966 0.966 0.967
0 0 0 1 1 1 34 0.882 0.924 0.950 0.963 0.967 0.972 0.974
0 0 0 1 1 1 35 0.845 0.889 0.915 0.930 0.937 0.941 0.945
0 0 0 1 1 1 36 0.862 0.893 0.918 0.935 0.943 0.947 0.951
0 0 0 1 1 1 37 0.853 0.884 0.913 0.926 0.935 0.941 0.949
0 0 0 1 1 1 38 0.819 0.851 0.879 0.897 0.905 0.914 0.914
0 0 0 1 1 1 39 0.866 0.894 0.914 0.933 0.940 0.942 0.942
0 0 0 1 1 1 40 0.857 0.882 0.899 0.913 0.916 0.923 0.928
0 0 0 1 1 1 41 0.778 0.795 0.810 0.821 0.828 0.830 0.837
0 0 0 1 1 1 42 0.815 0.835 0.852 0.861 0.866 0.876 0.877
0 0 0 1 1 1 43 0.826 0.846 0.863 0.883 0.889 0.892 0.895
0 0 0 1 1 1 44 0.779 0.803 0.824 0.841 0.854 0.854 0.861
0 0 0 1 1 1 45 0.702 0.733 0.760 0.779 0.788 0.796 0.790
0 0 0 1 1 1 46 0.761 0.810 0.836 0.857 0.864 0.876 0.868
0 0 0 1 1 1 47 0.680 0.741 0.775 0.803 0.811 0.822 0.815
## root/medium_muon_2018/2018_Mu17_plus.root muonEffi_data_eta_pt
ETA 0 2 48 -1 -2.4 -2.3 -2.2 -2.1 -2.0 -1.9 -1.8 -1.7 -1.6 -1.5 -1.4 -1.3 -1.2 -1.1 -1.0 -0.9 -0.8 -0.7 -0.6 -0.5 -0.4 -0.3 -0.2 -0.1 0.0 0.1 0.2 0.3 0.4 0.5 0.6 0.7 0.8 0.9 1.0 1.1 1.2 1.3 1.4 1.5 1.6 1.7 1.8 1.9 2.0 2.1 2.2 2.3 2.4
PT 0 2 8 -1 20.0 25.0 30.0 35.0 40.0 45.0 50.0 60.0 120.0
0 0 0 0 2 0 0 0.921 0.925 0.928 0.930 0.931 0.931 0.931 0.924
0 0 0 0 2 0 1 0.953 0.953 0.955 0.957 0.954 0.954 0.950 0.954
0 0 0 0 2 0 2 0.929 0.933 0.931 0.934 0.935 0.934 0.936 0.937
0 0 0 0 2 0 3 0.950 0.950 0.950 0.950 0.949 0.948 0.950 0.943
0 0 0 0 2 0 4 0.951 0.956 0.955 0.956 0.954 0.955 0.955 0.951
0 0 0 0 2 0 5 0.949 0.952 0.948 0.949 0.950 0.949 0.949 0.953
0 0 0 0 2 0 6 0.901 0.895 0.897 0.897 0.897 0.896 0.896 0.897
0 0 0 0 2 0 7 0.965 0.969 0.968 0.967 0.968 0.968 0.969 0.967
0 0 0 0 2 0 8 0.975 0.979 0.978 0.980 0.981 0.981 0.982 0.984
0 0 0 0 2 0 9 0.967 0.973 0.971 0.973 0.976 0.977 0.979 0.981
0 0 0 0 2 0 10 0.969 0.973 0.971 0.972 0.976 0.977 0.980 0.981
0 0 0 0 2 0 11 0.968 0.971 0.972 0.974 0.975 0.976 0.976 0.977
0 0 0 0 2 0 12 0.948 0.944 0.950 0.947 0.946 0.946 0.945 0.941
0 0 0 0 2 0 13 0.964 0.965 0.964 0.963 0.962 0.961 0.960 0.955
0 0 0 0 2 0 14 0.950 0.954 0.953 0.954 0.954 0.956 0.954 0.952
0 0 0 0 2 0 15 0.881 0.882 0.882 0.880 0.878 0.878 0.876 0.868
0 0 0 0 2 0 16 0.950 0.948 0.948 0.948 0.948 0.947 0.946 0.944
0 0 0 0 2 0 17 0.966 0.968 0.967 0.968 0.966 0.966 0.965 0.964
0 0 0 0 2 0 18 0.961 0.963 0.963 0.963 0.963 0.963 0.960 0.962
0 0 0 0 2 0 19 0.977 0.977 0.978 0.978 0.978 0.978 0.977 0.976
0 0 0 0 2 0 20 0.958 0.957 0.957 0.957 0.956 0.956 0.954 0.951
0 0 0 0 2 0 21 0.822 0.826 0.826 0.827 0.822 0.822 0.820 0.814
0 0 0 0 2 0 22 0.946 0.945 0.945 0.945 0.944 0.944 0.944 0.941
0 0 0 0 2 0 23 0.973 0.974 0.974 0.974 0.974 0.974 0.974 0.972
0 0 0 0 2 0 24 0.973 0.973 0.973 0.972 0.973 0.972 0.972 0.973
0 0 0 0 2 0 25 0.940 0.942 0.940 0.941 0.941 0.940 0.938 0.934
0 0 0 0 2 0 26 0.809 0.822 0.818 0.817 0.816 0.813 0.811 0.807
0 0 0 0 2 0 27 0.938 0.941 0.941 0.939 0.938 0.939 0.936 0.936
0 0 0 0 2 0 28 0.969 0.970 0.971 0.970 0.970 0.970 0.970 0.968
0 0 0 0 2 0 29 0.955 0.956 0.955 0.956 0.956 0.955 0.956 0.952
0 0 0 0 2 0 30 0.956 0.958 0.958 0.957 0.956 0.956 0.956 0.955
0 0 0 0 2 0 31 0.936 0.940 0.941 0.939 0.938 0.938 0.938 0.934
0 0 0 0 2 0 32 0.886 0.883 0.882 0.881 0.881 0.879 0.877 0.877
0 0 0 0 2 0 33 0.944 0.946 0.945 0.944 0.946 0.948 0.947 0.947
0 0 0 0 2 0 34 0.959 0.957 0.959 0.958 0.955 0.955 0.953 0.948
0 0 0 0 2 0 35 0.943 0.947 0.940 0.941 0.940 0.938 0.936 0.932
0 0 0 0 2 0 36 0.961 0.963 0.965 0.966 0.966 0.967 0.965 0.964
0 0 0 0 2 0 37 0.964 0.969 0.968 0.969 0.972 0.973 0.974 0.975
0 0 0 0 2 0 38 0.962 0.964 0.965 0.968 0.970 0.973 0.975 0.976
0 0 0 0 2 0 39 0.975 0.976 0.976 0.978 0.979 0.979 0.979 0.979
0 0 0 0 2 0 40 0.970 0.968 0.970 0.970 0.971 0.970 0.970 0.971
0 0 0 0 2 0 41 0.907 0.907 0.905 0.904 0.906 0.905 0.908 0.904
0 0 0 0 2 0 42 0.956 0.959 0.955 0.958 0.957 0.958 0.956 0.957
0 0 0 0 2 0 43 0.962 0.962 0.962 0.963 0.964 0.962 0.961 0.962
0 0 0 0 2 0 44 0.956 0.956 0.957 0.958 0.957 0.959 0.958 0.957
0 0 0 0 2 0 45 0.944 0.941 0.941 0.937 0.940 0.941 0.942 0.939
0 0 0 0 2 0 46 0.958 0.961 0.958 0.959 0.961 0.960 0.958 0.957
0 0 0 0 2 0 47 0.923 0.930 0.931 0.932 0.933 0.935 0.931 0.928
## root/medium_muon_2018/2018_Mu17_plus.root muonEffi_mc_eta_pt
ETA 0 2 48 -1 -2.4 -2.3 -2.2 -2.1 -2.0 -1.9 -1.8 -1.7 -1.6 -1.5 -1.4 -1.3 -1.2 -1.1 -1.0 -0.9 -0.8 -0.7 -0.6 -0.5 -0.4 -0.3 -0.2 -0.1 0.0 0.1 0.2 0.3 0.4 0.5 0.6 0.7 0.8 0.9 1.0 1.1 1.2 1.3 1.4 1.5 1.6 1.7 1.8 1.9 2.0 2.1 2.2 2.3 2.4
PT 0 2 8 -1 20.0 25.0 30.0 35.0 40.0 45.0 50.0 60.0 120.0
0 0 0 1 2 0 0 0.935 0.939 0.937 0.941 0.940 0.942 0.942 0.938
0 0 0 1 2 0 1 0.967 0.972 0.970 0.971 0.970 0.970 0.968 0.965
0 0 0 1 2 0 2 0.894 0.893 0.890 0.893 0.895 0.896 0.893 0.889
0 0 0 1 2 0 3 0.952 0.955 0.953 0.956 0.955 0.955 0.954 0.953
0 0 0 1 2 0 4 0.963 0.963 0.964 0.963 0.962 0.964 0.963 0.964
0 0 0 1 2 0 5 0.955 0.961 0.958 0.958 0.958 0.958 0.959 0.960
0 0 0 1 2 0 6 0.897 0.901 0.901 0.899 0.900 0.902 0.901 0.902
0 0 0 1 2 0 7 0.979 0.975 0.979 0.978 0.979 0.979 0.978 0.979
0 0 0 1 2 0 8 0.980 0.983 0.983 0.985 0.984 0.985 0.986 0.988
0 0 0 1 2 0 9 0.983 0.983 0.985 0.984 0.985 0.986 0.987 0.986
0 0 0 1 2 0 10 0.987 0.987 0.988 0.989 0.989 0.990 0.989 0.989
0 0 0 1 2 0 11 0.985 0.987 0.989 0.988 0.988 0.988 0.989 0.988
0 0 0 1 2 0 12 0.979 0.980 0.978 0.980 0.979 0.979 0.979 0.979
0 0 0 1 2 0 13 0.987 0.990 0.990 0.989 0.989 0.989 0.988 0.987
0 0 0 1 2 0 14 0.974 0.974 0.975 0.976 0.975 0.974 0.975 0.974
0 0 0 1 2 0 15 0.895 0.900 0.899 0.898 0.897 0.896 0.896 0.895
0 0 0 1 2 0 16 0.959 0.962 0.962 0.960 0.962 0.961 0.960 0.965
0 0 0 1 2 0 17 0.976 0.978 0.978 0.980 0.978 0.977 0.977 0.976
0 0 0 1 2 0 18 0.974 0.973 0.978 0.976 0.977 0.976 0.974 0.977
0 0 0 1 2 0 19 0.987 0.987 0.987 0.989 0.988 0.988 0.987 0.987
0 0 0 1 2 0 20 0.976 0.977 0.974 0.974 0.974 0.974 0.972 0.970
0 0 0 1 2 0 21 0.862 0.862 0.859 0.860 0.858 0.856 0.855 0.851
0 0 0 1 2 0 22 0.957 0.957 0.960 0.958 0.958 0.960 0.961 0.956
0 0 0 1 2 0 23 0.983 0.986 0.986 0.986 0.986 0.985 0.985 0.984
0 0 0 1 2 0 24 0.983 0.984 0.984 0.985 0.985 0.983 0.985 0.984
0 0 0 1 2 0 25 0.953 0.959 0.958 0.958 0.958 0.957 0.958 0.959
0 0 0 1 2 0 26 0.857 0.856 0.859 0.860 0.857 0.856 0.853 0.844
0 0 0 1 2 0 27 0.975 0.976 0.976 0.975 0.976 0.975 0.975 0.974
0 0 0 1 2 0 28 0.987 0.988 0.988 0.987 0.989 0.989 0.989 0.987
0 0 0 1 2 0 29 0.975 0.978 0.979 0.979 0.979 0.980 0.979 0.976
0 0 0 1 2 0 30 0.981 0.982 0.981 0.982 0.982 0.982 0.981 0.979
0 0 0 1 2 0 31 0.965 0.967 0.969 0.969 0.968 0.968 0.968 0.963
0 0 0 1 2 0 32 0.915 0.917 0.916 0.916 0.912 0.912 0.917 0.910
0 0 0 1 2 0 33 0.977 0.978 0.979 0.979 0.980 0.980 0.979 0.980
0 0 0 1 2 0 34 0.990 0.989 0.989 0.989 0.988 0.989 0.987 0.986
0 0 0 1 2 0 35 0.977 0.981 0.978 0.978 0.979 0.978 0.976 0.977
0 0 0 1 2 0 36 0.984 0.986 0.987 0.988 0.987 0.988 0.987 0.986
0 0 0 1 2 0 37 0.987 0.988 0.990 0.989 0.989 0.990 0.990 0.991
0 0 0 1 2 0 38 0.981 0.982 0.985 0.986 0.985 0.985 0.988 0.988
0 0 0 1 2 0 39 0.980 0.984 0.984 0.983 0.984 0.984 0.984 0.985
0 0 0 1 2 0 40 0.981 0.979 0.980 0.980 0.981 0.981 0.983 0.981
0 0 0 1 2 0 41 0.897 0.901 0.901 0.900 0.902 0.903 0.900 0.907
0 0 0 1 2 0 42 0.956 0.960 0.962 0.961 0.961 0.962 0.960 0.959
0 0 0 1 2 0 43 0.964 0.967 0.965 0.967 0.967 0.966 0.968 0.965
0 0 0 1 2 0 44 0.957 0.957 0.959 0.955 0.959 0.961 0.958 0.960
0 0 0 1 2 0 45 0.896 0.898 0.899 0.899 0.898 0.897 0.901 0.912
0 0 0 1 2 0 46 0.968 0.974 0.972 0.974 0.973 0.970 0.974 0.972
0 0 0 1 2 0 47 0.937 0.944 0.945 0.945 0.946 0.945 0.940 0.942
## root/medium_muon_2018/2018_Mu17_minus.root muonEffi_data_eta_pt
ETA 0 2 48 -1 -2.4 -2.3 -2.2 -2.1 -2.0 -1.9 -1.8 -1.7 -1.6 -1.5 -1.4 -1.3 -1.2 -1.1 -1.0 -0.9 -0.8 -0.7 -0.6 -0.5 -0.4 -0.3 -0.2 -0.1 0.0 0.1 0.2 0.3 0.4 0.5 0.6 0.7 0.8 0.9 1.0 1.1 1.2 1.3 1.4 1.5 1.6 1.7 1.8 1.9 2.0 2.1 2.2 2.3 2.4
PT 0 2 8 -1 20.0 25.0 30.0 35.0 40.0 45.0 50.0 60.0 120.0
0 0 0 0 2 1 0 0.919 0.929 0.929 0.929 0.930 0.931 0.930 0.925
0 0 0 0 2 1 1 0.956 0.957 0.958 0.955 0.954 0.956 0.954 0.954
0 0 0 0 2 1 2 0.936 0.938 0.934 0.936 0.936 0.936 0.933 0.932
0 0 0 0 2 1 3 0.948 0.952 0.950 0.951 0.951 0.951 0.948 0.949
0 0 0 0 2 1 4 0.956 0.955 0.956 0.956 0.955 0.956 0.956 0.953
0 0 0 0 2 1 5 0.951 0.951 0.951 0.950 0.948 0.949 0.948 0.949
0 0 0 0 2 1 6 0.897 0.894 0.898 0.895 0.897 0.896 0.898 0.897
0 0 0 0 2 1 7 0.965 0.967 0.968 0.968 0.968 0.969 0.969 0.969
0 0 0 0 2 1 8 0.972 0.978 0.978 0.979 0.981 0.981 0.983 0.982
0 0 0 0 2 1 9 0.968 0.970 0.970 0.972 0.974 0.975 0.978 0.982
0 0 0 0 2 1 10 0.970 0.971 0.972 0.972 0.973 0.976 0.977 0.980
0 0 0 0 2 1 11 0.968 0.970 0.973 0.973 0.973 0.974 0.973 0.973
0 0 0 0 2 1 12 0.949 0.948 0.947 0.946 0.945 0.945 0.941 0.940
0 0 0 0 2 1 13 0.966 0.963 0.965 0.963 0.963 0.962 0.961 0.956
0 0 0 0 2 1 14 0.955 0.955 0.955 0.955 0.955 0.956 0.954 0.951
0 0 0 0 2 1 15 0.896 0.892 0.888 0.886 0.885 0.882 0.880 0.875
0 0 0 0 2 1 16 0.959 0.960 0.959 0.957 0.955 0.955 0.953 0.946
0 0 0 0 2 1 17 0.974 0.973 0.973 0.972 0.971 0.972 0.970 0.966
0 0 0 0 2 1 18 0.973 0.971 0.970 0.970 0.968 0.967 0.966 0.963
0 0 0 0 2 1 19 0.983 0.983 0.983 0.982 0.981 0.981 0.981 0.977
0 0 0 0 2 1 20 0.964 0.962 0.963 0.962 0.959 0.959 0.958 0.955
0 0 0 0 2 1 21 0.833 0.834 0.831 0.828 0.826 0.821 0.818 0.817
0 0 0 0 2 1 22 0.953 0.956 0.953 0.951 0.950 0.949 0.947 0.945
0 0 0 0 2 1 23 0.978 0.976 0.977 0.977 0.976 0.976 0.973 0.974
0 0 0 0 2 1 24 0.976 0.974 0.975 0.975 0.975 0.973 0.974 0.975
0 0 0 0 2 1 25 0.950 0.950 0.947 0.947 0.945 0.945 0.944 0.941
0 0 0 0 2 1 26 0.822 0.822 0.822 0.823 0.819 0.815 0.811 0.810
0 0 0 0 2 1 27 0.944 0.944 0.944 0.943 0.941 0.941 0.940 0.934
0 0 0 0 2 1 28 0.978 0.976 0.975 0.974 0.974 0.974 0.972 0.971
0 0 0 0 2 1 29 0.965 0.962 0.964 0.962 0.961 0.960 0.958 0.955
0 0 0 0 2 1 30 0.967 0.964 0.962 0.963 0.961 0.959 0.959 0.956
0 0 0 0 2 1 31 0.951 0.949 0.950 0.947 0.946 0.945 0.942 0.938
0 0 0 0 2 1 32 0.898 0.893 0.891 0.891 0.886 0.887 0.884 0.874
0 0 0 0 2 1 33 0.942 0.947 0.949 0.950 0.950 0.951 0.951 0.947
0 0 0 0 2 1 34 0.962 0.958 0.956 0.957 0.957 0.956 0.953 0.947
0 0 0 0 2 1 35 0.941 0.939 0.941 0.941 0.939 0.938 0.938 0.928
0 0 0 0 2 1 36 0.956 0.963 0.962 0.964 0.965 0.966 0.967 0.967
0 0 0 0 2 1 37 0.964 0.966 0.967 0.968 0.969 0.971 0.972 0.975
0 0 0 0 2 1 38 0.961 0.964 0.965 0.966 0.968 0.970 0.973 0.975
0 0 0 0 2 1 39 0.975 0.975 0.977 0.976 0.979 0.978 0.979 0.979
0 0 0 0 2 1 40 0.968 0.969 0.970 0.970 0.970 0.970 0.969 0.970
0 0 0 0 2 1 41 0.910 0.911 0.906 0.907 0.909 0.908 0.908 0.910
0 0 0 0 2 1 42 0.956 0.958 0.957 0.958 0.957 0.958 0.957 0.958
0 0 0 0 2 1 43 0.962 0.963 0.963 0.964 0.962 0.963 0.963 0.961
0 0 0 0 2 1 44 0.959 0.957 0.958 0.957 0.957 0.956 0.957 0.955
0 0 0 0 2 1 45 0.945 0.941 0.944 0.940 0.942 0.942 0.938 0.939
0 0 0 0 2 1 46 0.960 0.959 0.962 0.959 0.958 0.960 0.956 0.953
0 0 0 0 2 1 47 0.920 0.930 0.928 0.929 0.930 0.931 0.929 0.929
## root/medium_muon_2018/2018_Mu17_minus.root muonEffi_mc_eta_pt
ETA 0 2 48 -1 -2.4 -2.3 -2.2 -2.1 -2.0 -1.9 -1.8 -1.7 -1.6 -1.5 -1.4 -1.3 -1.2 -1.1 -1.0 -0.9 -0.8 -0.7 -0.6 -0.5 -0.4 -0.3 -0.2 -0.1 0.0 0.1 0.2 0.3 0.4 0.5 0.6 0.7 0.8 0.9 1.0 1.1 1.2 1.3 1.4 1.5 1.6 1.7 1.8 1.9 2.0 2.1 2.2 2.3 2.4
PT 0 2 8 -1 20.0 25.0 30.0 35.0 40.0 45.0 50.0 60.0 120.0
0 0 0 1 2 1 0 0.934 0.938 0.943 0.937 0.943 0.943 0.938 0.940
0 0 0 1 2 1 1 0.969 0.968 0.969 0.968 0.970 0.968 0.969 0.967
0 0 0 1 2 1 2 0.885 0.890 0.894 0.896 0.894 0.895 0.894 0.900
0 0 0 1 2 1 3 0.956 0.957 0.956 0.957 0.956 0.956 0.955 0.955
0 0 0 1 2 1 4 0.956 0.964 0.962 0.963 0.965 0.965 0.961 0.965
0 0 0 1 2 1 5 0.960 0.959 0.958 0.959 0.959 0.957 0.957 0.958
0 0 0 1 2 1 6 0.906 0.907 0.901 0.901 0.902 0.902 0.906 0.904
0 0 0 1 2 1 7 0.977 0.979 0.978 0.979 0.979 0.978 0.977 0.980
0 0 0 1 2 1 8 0.979 0.982 0.983 0.983 0.984 0.984 0.984 0.984
0 0 0 1 2 1 9 0.981 0.982 0.984 0.986 0.984 0.986 0.988 0.985
0 0 0 1 2 1 10 0.986 0.987 0.990 0.990 0.989 0.990 0.989 0.990
0 0 0 1 2 1 11 0.984 0.986 0.988 0.988 0.989 0.989 0.988 0.989
0 0 0 1 2 1 12 0.979 0.979 0.979 0.979 0.979 0.979 0.979 0.979
0 0 0 1 2 1 13 0.988 0.989 0.990 0.991 0.989 0.988 0.987 0.988
0 0 0 1 2 1 14 0.978 0.977 0.976 0.976 0.976 0.975 0.975 0.973
0 0 0 1 2 1 15 0.909 0.914 0.911 0.909 0.909 0.907 0.905 0.899
0 0 0 1 2 1 16 0.980 0.979 0.978 0.976 0.977 0.975 0.973 0.972
0 0 0 1 2 1 17 0.987 0.986 0.986 0.988 0.986 0.987 0.987 0.986
0 0 0 1 2 1 18 0.986 0.987 0.986 0.987 0.985 0.986 0.987 0.981
0 0 0 1 2 1 19 0.991 0.993 0.992 0.993 0.992 0.992 0.992 0.993
0 0 0 1 2 1 20 0.981 0.982 0.982 0.981 0.979 0.980 0.979 0.978
0 0 0 1 2 1 21 0.873 0.873 0.869 0.871 0.867 0.864 0.866 0.855
0 0 0 1 2 1 22 0.967 0.967 0.967 0.966 0.964 0.964 0.962 0.961
0 0 0 1 2 1 23 0.988 0.987 0.987 0.988 0.988 0.987 0.987 0.985
0 0 0 1 2 1 24 0.986 0.986 0.985 0.986 0.988 0.986 0.986 0.985
0 0 0 1 2 1 25 0.967 0.966 0.965 0.963 0.964 0.962 0.962 0.960
0 0 0 1 2 1 26 0.860 0.859 0.858 0.859 0.855 0.853 0.852 0.848
0 0 0 1 2 1 27 0.977 0.976 0.975 0.974 0.974 0.974 0.973 0.974
0 0 0 1 2 1 28 0.989 0.990 0.989 0.990 0.989 0.989 0.990 0.988
0 0 0 1 2 1 29 0.979 0.980 0.980 0.979 0.978 0.977 0.978 0.975
0 0 0 1 2 1 30 0.983 0.983 0.982 0.982 0.981 0.980 0.977 0.980
0 0 0 1 2 1 31 0.967 0.968 0.967 0.966 0.962 0.964 0.963 0.956
0 0 0 1 2 1 32 0.925 0.919 0.918 0.915 0.915 0.915 0.913 0.910
0 0 0 1 2 1 33 0.981 0.979 0.979 0.980 0.979 0.981 0.978 0.975
0 0 0 1 2 1 34 0.988 0.988 0.989 0.989 0.990 0.988 0.989 0.987
0 0 0 1 2 1 35 0.976 0.979 0.977 0.978 0.977 0.977 0.978 0.975
0 0 0 1 2 1 36 0.988 0.987 0.987 0.987 0.988 0.988 0.989 0.989
0 0 0 1 2 1 37 0.988 0.988 0.989 0.989 0.990 0.990 0.992 0.991
0 0 0 1 2 1 38 0.981 0.985 0.984 0.985 0.986 0.985 0.987 0.984
0 0 0 1 2 1 39 0.982 0.982 0.983 0.983 0.985 0.984 0.984 0.982
0 0 0 1 2 1 40 0.981 0.978 0.980 0.980 0.981 0.981 0.980 0.982
0 0 0 1 2 1 41 0.908 0.901 0.902 0.903 0.903 0.905 0.900 0.906
0 0 0 1 2 1 42 0.961 0.962 0.963 0.958 0.961 0.961 0.965 0.959
0 0 0 1 2 1 43 0.967 0.968 0.965 0.962 0.967 0.966 0.969 0.966
0 0 0 1 2 1 44 0.958 0.956 0.959 0.959 0.960 0.960 0.961 0.959
0 0 0 1 2 1 45 0.900 0.894 0.897 0.899 0.902 0.900 0.902 0.900
0 0 0 1 2 1 46 0.971 0.972 0.970 0.971 0.974 0.972 0.973 0.968
0 0 0 1 2 1 47 0.943 0.943 0.944 0.944 0.946 0.945 0.942 0.939
## root/medium_muon_2018/2018_Mu8_plus.root muonEffi_data_eta_pt
ETA 0 3 48 -1 -2.4 -2.3 -2.2 -2.1 -2.0 -1.9 -1.8 -1.7 -1.6 -1.5 -1.4 -1.3 -1.2 -1.1 -1.0 -0.9 -0.8 -0.7 -0.6 -0.5 -0.4 -0.3 -0.2 -0.1 0.0 0.1 0.2 0.3 0.4 0.5 0.6 0.7 0.8 0.9 1.0 1.1 1.2 1.3 1.4 1.5 1.6 1.7 1.8 1.9 2.0 2.1 2.2 2.3 2.4
PT 0 3 10 -1 10.0 15.0 20.0 25.0 30.0 35.0 40.0 45.0 50.0 60.0 120.0
0 0 0 0 3 0 0 0.878 0.902 0.922 0.925 0.929 0.931 0.931 0.931 0.931 0.925
0 0 0 0 3 0 1 0.942 0.951 0.954 0.954 0.956 0.957 0.954 0.954 0.950 0.954
0 0 0 0 3 0 2 0.925 0.931 0.930 0.933 0.931 0.934 0.935 0.934 0.936 0.937
0 0 0 0 3 0 3 0.948 0.948 0.950 0.950 0.950 0.950 0.949 0.948 0.950 0.943
0 0 0 0 3 0 4 0.948 0.955 0.951 0.956 0.956 0.956 0.954 0.955 0.955 0.951
0 0 0 0 3 0 5 0.943 0.950 0.949 0.952 0.948 0.949 0.950 0.949 0.949 0.953
0 0 0 0 3 0 6 0.886 0.899 0.901 0.895 0.897 0.897 0.897 0.896 0.896 0.897
0 0 0 0 3 0 7 0.957 0.967 0.966 0.969 0.968 0.967 0.968 0.968 0.969 0.967
0 0 0 0 3 0 8 0.969 0.973 0.975 0.979 0.978 0.980 0.981 0.981 0.982 0.984
0 0 0 0 3 0 9 0.964 0.967 0.967 0.973 0.971 0.973 0.976 0.977 0.979 0.981
0 0 0 0 3 0 10 0.960 0.967 0.970 0.973 0.972 0.972 0.976 0.977 0.980 0.981
0 0 0 0 3 0 11 0.955 0.961 0.969 0.971 0.972 0.974 0.975 0.976 0.976 0.977
0 0 0 0 3 0 12 0.936 0.946 0.949 0.944 0.950 0.947 0.946 0.946 0.945 0.941
0 0 0 0 3 0 13 0.964 0.966 0.964 0.965 0.964 0.963 0.962 0.961 0.961 0.955
0 0 0 0 3 0 14 0.959 0.954 0.951 0.954 0.953 0.954 0.954 0.956 0.955 0.952
0 0 0 0 3 0 15 0.878 0.877 0.880 0.883 0.882 0.880 0.878 0.878 0.876 0.868
0 0 0 0 3 0 16 0.939 0.940 0.950 0.948 0.948 0.948 0.948 0.947 0.946 0.944
0 0 0 0 3 0 17 0.960 0.962 0.966 0.968 0.967 0.968 0.966 0.966 0.965 0.964
0 0 0 0 3 0 18 0.959 0.960 0.961 0.963 0.963 0.963 0.963 0.963 0.960 0.962
0 0 0 0 3 0 19 0.973 0.974 0.977 0.977 0.978 0.978 0.978 0.978 0.977 0.976
0 0 0 0 3 0 20 0.950 0.955 0.958 0.957 0.957 0.957 0.956 0.956 0.954 0.951
0 0 0 0 3 0 21 0.805 0.817 0.822 0.826 0.826 0.827 0.822 0.822 0.820 0.814
0 0 0 0 3 0 22 0.932 0.938 0.946 0.945 0.945 0.945 0.944 0.944 0.944 0.941
0 0 0 0 3 0 23 0.974 0.973 0.973 0.974 0.974 0.974 0.974 0.974 0.974 0.972
0 0 0 0 3 0 24 0.967 0.968 0.973 0.973 0.973 0.972 0.973 0.972 0.972 0.973
0 0 0 0 3 0 25 0.933 0.929 0.940 0.942 0.940 0.941 0.941 0.940 0.938 0.934
0 0 0 0 3 0 26 0.771 0.801 0.809 0.822 0.818 0.817 0.816 0.813 0.811 0.807
0 0 0 0 3 0 27 0.922 0.933 0.938 0.941 0.941 0.939 0.938 0.939 0.936 0.936
0 0 0 0 3 0 28 0.958 0.967 0.969 0.970 0.971 0.970 0.970 0.970 0.970 0.968
0 0 0 0 3 0 29 0.944 0.952 0.955 0.956 0.955 0.956 0.956 0.955 0.956 0.952
0 0 0 0 3 0 30 0.947 0.953 0.956 0.958 0.958 0.957 0.956 0.956 0.956 0.955
0 0 0 0 3 0 31 0.930 0.932 0.936 0.940 0.941 0.939 0.938 0.938 0.938 0.934
0 0 0 0 3 0 32 0.887 0.889 0.886 0.883 0.882 0.881 0.881 0.879 0.877 0.877
0 0 0 0 3 0 33 0.952 0.950 0.944 0.946 0.945 0.944 0.946 0.948 0.947 0.947
0 0 0 0 3 0 34 0.961 0.960 0.959 0.958 0.959 0.958 0.955 0.955 0.953 0.948
0 0 0 0 3 0 35 0.933 0.941 0.944 0.947 0.941 0.942 0.940 0.938 0.936 0.932
0 0 0 0 3 0 36 0.947 0.951 0.961 0.963 0.965 0.966 0.966 0.967 0.965 0.964
0 0 0 0 3 0 37 0.952 0.961 0.965 0.969 0.968 0.969 0.972 0.973 0.974 0.975
0 0 0 0 3 0 38 0.957 0.960 0.964 0.964 0.966 0.968 0.970 0.973 0.975 0.976
0 0 0 0 3 0 39 0.969 0.971 0.975 0.976 0.976 0.978 0.979 0.979 0.979 0.979
0 0 0 0 3 0 40 0.952 0.963 0.970 0.969 0.970 0.970 0.971 0.970 0.970 0.971
0 0 0 0 3 0 41 0.906 0.909 0.907 0.907 0.905 0.904 0.906 0.905 0.908 0.904
0 0 0 0 3 0 42 0.955 0.961 0.956 0.959 0.955 0.958 0.957 0.958 0.956 0.957
0 0 0 0 3 0 43 0.962 0.961 0.962 0.963 0.962 0.963 0.964 0.962 0.961 0.962
0 0 0 0 3 0 44 0.957 0.950 0.956 0.956 0.957 0.958 0.957 0.959 0.958 0.957
0 0 0 0 3 0 45 0.936 0.945 0.945 0.942 0.942 0.938 0.940 0.941 0.942 0.939
0 0 0 0 3 0 46 0.946 0.956 0.959 0.962 0.959 0.959 0.961 0.960 0.958 0.957
0 0 0 0 3 0 47 0.882 0.915 0.926 0.930 0.932 0.932 0.934 0.935 0.931 0.928
## root/medium_muon_2018/2018_Mu8_plus.root muonEffi_mc_eta_pt
ETA 0 3 48 -1 -2.4 -2.3 -2.2 -2.1 -2.0 -1.9 -1.8 -1.7 -1.6 -1.5 -1.4 -1.3 -1.2 -1.1 -1.0 -0.9 -0.8 -0.7 -0.6 -0.5 -0.4 -0.3 -0.2 -0.1 0.0 0.1 0.2 0.3 0.4 0.5 0.6 0.7 0.8 0.9 1.0 1.1 1.2 1.3 1.4 1.5 1.6 1.7 1.8 1.9 2.0 2.1 2.2 2.3 2.4
PT 0 3 10 -1 10.0 15.0 20.0 25.0 30.0 35.0 40.0 45.0 50.0 60.0 120.0
0 0 0 1 3 0 0 0.920 0.923 0.935 0.939 0.937 0.941 0.940 0.942 0.942 0.938
0 0 0 1 3 0 1 0.963 0.969 0.967 0.972 0.970 0.971 0.970 0.970 0.968 0.965
0 0 0 1 3 0 2 0.884 0.888 0.894 0.893 0.890 0.893 0.895 0.896 0.893 0.889
0 0 0 1 3 0 3 0.945 0.956 0.952 0.955 0.953 0.956 0.955 0.955 0.954 0.953
0 0 0 1 3 0 4 0.961 0.963 0.963 0.963 0.964 0.963 0.962 0.964 0.963 0.964
0 0 0 1 3 0 5 0.959 0.958 0.955 0.961 0.958 0.958 0.958 0.958 0.959 0.960
0 0 0 1 3 0 6 0.889 0.894 0.897 0.901 0.901 0.899 0.900 0.902 0.901 0.902
0 0 0 1 3 0 7 0.969 0.973 0.979 0.975 0.979 0.978 0.979 0.979 0.978 0.979
0 0 0 1 3 0 8 0.972 0.979 0.981 0.983 0.983 0.985 0.984 0.985 0.986 0.988
0 0 0 1 3 0 9 0.979 0.981 0.983 0.983 0.985 0.984 0.985 0.986 0.987 0.986
0 0 0 1 3 0 10 0.978 0.987 0.988 0.987 0.988 0.989 0.990 0.990 0.989 0.989
0 0 0 1 3 0 11 0.978 0.983 0.985 0.987 0.989 0.988 0.988 0.988 0.989 0.988
0 0 0 1 3 0 12 0.976 0.972 0.979 0.980 0.978 0.980 0.979 0.979 0.979 0.979
0 0 0 1 3 0 13 0.988 0.988 0.987 0.990 0.990 0.989 0.989 0.989 0.988 0.987
0 0 0 1 3 0 14 0.974 0.977 0.974 0.974 0.975 0.976 0.975 0.974 0.975 0.974
0 0 0 1 3 0 15 0.907 0.898 0.895 0.900 0.899 0.898 0.897 0.896 0.896 0.895
0 0 0 1 3 0 16 0.953 0.954 0.959 0.962 0.962 0.960 0.962 0.961 0.960 0.965
0 0 0 1 3 0 17 0.967 0.971 0.976 0.978 0.978 0.980 0.978 0.977 0.977 0.976
0 0 0 1 3 0 18 0.973 0.977 0.974 0.973 0.978 0.976 0.977 0.976 0.974 0.977
0 0 0 1 3 0 19 0.984 0.984 0.987 0.987 0.987 0.989 0.988 0.988 0.987 0.987
0 0 0 1 3 0 20 0.970 0.972 0.976 0.977 0.974 0.974 0.974 0.974 0.972 0.970
0 0 0 1 3 0 21 0.854 0.860 0.862 0.862 0.859 0.860 0.858 0.856 0.855 0.851
0 0 0 1 3 0 22 0.946 0.957 0.957 0.957 0.960 0.958 0.958 0.960 0.961 0.956
0 0 0 1 3 0 23 0.982 0.983 0.983 0.986 0.986 0.986 0.986 0.985 0.985 0.984
0 0 0 1 3 0 24 0.981 0.982 0.983 0.984 0.984 0.985 0.985 0.983 0.985 0.984
0 0 0 1 3 0 25 0.942 0.956 0.953 0.959 0.958 0.958 0.958 0.957 0.958 0.959
0 0 0 1 3 0 26 0.848 0.851 0.857 0.856 0.859 0.860 0.857 0.856 0.853 0.844
0 0 0 1 3 0 27 0.971 0.976 0.975 0.976 0.976 0.975 0.976 0.975 0.975 0.974
0 0 0 1 3 0 28 0.986 0.985 0.987 0.988 0.988 0.987 0.989 0.989 0.989 0.987
0 0 0 1 3 0 29 0.971 0.973 0.975 0.978 0.979 0.979 0.979 0.980 0.979 0.976
0 0 0 1 3 0 30 0.978 0.977 0.981 0.982 0.981 0.982 0.982 0.982 0.981 0.979
0 0 0 1 3 0 31 0.969 0.967 0.965 0.967 0.969 0.969 0.968 0.968 0.968 0.963
0 0 0 1 3 0 32 0.919 0.912 0.915 0.917 0.916 0.916 0.912 0.912 0.917 0.910
0 0 0 1 3 0 33 0.978 0.983 0.977 0.978 0.979 0.979 0.980 0.980 0.979 0.980
0 0 0 1 3 0 34 0.991 0.989 0.990 0.989 0.989 0.989 0.988 0.989 0.987 0.986
0 0 0 1 3 0 35 0.965 0.977 0.977 0.981 0.978 0.978 0.979 0.978 0.976 0.977
0 0 0 1 3 0 36 0.974 0.976 0.984 0.986 0.987 0.988 0.987 0.988 0.987 0.986
0 0 0 1 3 0 37 0.978 0.983 0.987 0.988 0.990 0.989 0.989 0.990 0.990 0.991
0 0 0 1 3 0 38 0.979 0.979 0.981 0.982 0.985 0.986 0.985 0.985 0.988 0.988
0 0 0 1 3 0 39 0.977 0.982 0.980 0.984 0.984 0.983 0.984 0.984 0.984 0.985
0 0 0 1 3 0 40 0.969 0.979 0.981 0.979 0.980 0.980 0.981 0.981 0.983 0.981
0 0 0 1 3 0 41 0.892 0.895 0.897 0.901 0.901 0.900 0.902 0.903 0.900 0.907
0 0 0 1 3 0 42 0.962 0.962 0.956 0.960 0.962 0.961 0.961 0.962 0.960 0.959
0 0 0 1 3 0 43 0.958 0.970 0.964 0.967 0.965 0.967 0.967 0.966 0.968 0.965
0 0 0 1 3 0 44 0.955 0.957 0.957 0.957 0.959 0.955 0.959 0.961 0.958 0.960
0 0 0 1 3 0 45 0.899 0.893 0.896 0.898 0.899 0.899 0.898 0.897 0.901 0.912
0 0 0 1 3 0 46 0.966 0.969 0.968 0.974 0.972 0.974 0.973 0.970 0.974 0.972
0 0 0 1 3 0 47 0.922 0.931 0.937 0.944 0.945 0.945 0.946 0.945 0.940 0.942
## root/medium_muon_2018/2018_Mu8_minus.root muonEffi_data_eta_pt
ETA 0 3 48 -1 -2.4 -2.3 -2.2 -2.1 -2.0 -1.9 -1.8 -1.7 -1.6 -1.5 -1.4 -1.3 -1.2 -1.1 -1.0 -0.9 -0.8 -0.7 -0.6 -0.5 -0.4 -0.3 -0.2 -0.1 0.0 0.1 0.2 0.3 0.4 0.5 0.6 0.7 0.8 0.9 1.0 1.1 1.2 1.3 1.4 1.5 1.6 1.7 1.8 1.9 2.0 2.1 2.2 2.3 2.4
PT 0 3 10 -1 10.0 15.0 20.0 25.0 30.0 35.0 40.0 45.0 50.0 60.0 120.0
0 0 0 0 3 1 0 0.887 0.920 0.922 0.930 0.930 0.931 0.931 0.932 0.931 0.926
0 0 0 0 3 1 1 0.943 0.955 0.957 0.957 0.959 0.956 0.954 0.956 0.954 0.954
0 0 0 0 3 1 2 0.932 0.938 0.937 0.939 0.935 0.937 0.936 0.937 0.933 0.933
0 0 0 0 3 1 3 0.945 0.948 0.948 0.952 0.951 0.952 0.951 0.951 0.948 0.949
0 0 0 0 3 1 4 0.948 0.955 0.957 0.955 0.956 0.956 0.955 0.957 0.956 0.953
0 0 0 0 3 1 5 0.948 0.950 0.951 0.951 0.951 0.950 0.948 0.949 0.948 0.949
0 0 0 0 3 1 6 0.891 0.890 0.897 0.894 0.898 0.895 0.897 0.896 0.898 0.897
0 0 0 0 3 1 7 0.958 0.963 0.965 0.967 0.968 0.968 0.968 0.969 0.969 0.969
0 0 0 0 3 1 8 0.965 0.975 0.972 0.978 0.978 0.979 0.981 0.981 0.983 0.982
0 0 0 0 3 1 9 0.964 0.964 0.968 0.970 0.970 0.972 0.974 0.975 0.978 0.982
0 0 0 0 3 1 10 0.959 0.964 0.971 0.971 0.972 0.972 0.973 0.976 0.978 0.980
0 0 0 0 3 1 11 0.959 0.959 0.969 0.970 0.973 0.973 0.972 0.974 0.973 0.973
0 0 0 0 3 1 12 0.940 0.938 0.949 0.948 0.948 0.946 0.945 0.945 0.941 0.940
0 0 0 0 3 1 13 0.961 0.970 0.967 0.964 0.965 0.963 0.963 0.962 0.961 0.956
0 0 0 0 3 1 14 0.948 0.952 0.955 0.955 0.955 0.955 0.955 0.956 0.954 0.951
0 0 0 0 3 1 15 0.893 0.898 0.896 0.892 0.888 0.886 0.885 0.882 0.880 0.875
0 0 0 0 3 1 16 0.956 0.956 0.959 0.960 0.959 0.957 0.955 0.955 0.953 0.946
0 0 0 0 3 1 17 0.977 0.975 0.974 0.973 0.973 0.972 0.971 0.972 0.970 0.966
0 0 0 0 3 1 18 0.971 0.969 0.973 0.971 0.970 0.970 0.968 0.967 0.966 0.963
0 0 0 0 3 1 19 0.988 0.983 0.983 0.983 0.983 0.982 0.981 0.981 0.981 0.977
0 0 0 0 3 1 20 0.956 0.960 0.964 0.962 0.963 0.962 0.959 0.959 0.958 0.955
0 0 0 0 3 1 21 0.826 0.828 0.833 0.834 0.831 0.828 0.826 0.821 0.818 0.817
0 0 0 0 3 1 22 0.949 0.953 0.953 0.956 0.953 0.951 0.950 0.949 0.947 0.945
0 0 0 0 3 1 23 0.978 0.980 0.978 0.976 0.977 0.977 0.976 0.976 0.973 0.974
0 0 0 0 3 1 24 0.977 0.977 0.976 0.974 0.975 0.975 0.975 0.973 0.974 0.975
0 0 0 0 3 1 25 0.947 0.949 0.950 0.950 0.947 0.947 0.945 0.945 0.944 0.941
0 0 0 0 3 1 26 0.823 0.811 0.822 0.822 0.822 0.823 0.819 0.815 0.811 0.810
0 0 0 0 3 1 27 0.932 0.945 0.944 0.944 0.944 0.943 0.941 0.941 0.940 0.934
0 0 0 0 3 1 28 0.973 0.974 0.978 0.976 0.975 0.974 0.974 0.974 0.972 0.971
0 0 0 0 3 1 29 0.968 0.966 0.965 0.962 0.964 0.962 0.961 0.960 0.958 0.955
0 0 0 0 3 1 30 0.962 0.964 0.967 0.964 0.962 0.963 0.961 0.959 0.959 0.956
0 0 0 0 3 1 31 0.951 0.950 0.951 0.949 0.950 0.947 0.946 0.945 0.942 0.938
0 0 0 0 3 1 32 0.908 0.897 0.898 0.893 0.891 0.891 0.886 0.887 0.884 0.874
0 0 0 0 3 1 33 0.947 0.947 0.943 0.947 0.949 0.950 0.950 0.951 0.951 0.947
0 0 0 0 3 1 34 0.963 0.964 0.963 0.958 0.956 0.957 0.957 0.956 0.953 0.947
0 0 0 0 3 1 35 0.931 0.934 0.941 0.939 0.942 0.941 0.939 0.938 0.938 0.928
0 0 0 0 3 1 36 0.944 0.952 0.957 0.964 0.962 0.964 0.965 0.966 0.967 0.967
0 0 0 0 3 1 37 0.963 0.960 0.965 0.966 0.967 0.968 0.969 0.971 0.972 0.975
0 0 0 0 3 1 38 0.954 0.962 0.962 0.964 0.966 0.966 0.968 0.970 0.973 0.975
0 0 0 0 3 1 39 0.964 0.973 0.975 0.975 0.977 0.976 0.979 0.978 0.979 0.979
0 0 0 0 3 1 40 0.957 0.967 0.969 0.969 0.970 0.970 0.970 0.970 0.969 0.970
0 0 0 0 3 1 41 0.902 0.911 0.911 0.911 0.906 0.907 0.909 0.908 0.908 0.910
0 0 0 0 3 1 42 0.957 0.956 0.956 0.958 0.957 0.958 0.957 0.958 0.957 0.958
0 0 0 0 3 1 43 0.962 0.960 0.963 0.963 0.963 0.964 0.962 0.963 0.963 0.961
0 0 0 0 3 1 44 0.953 0.956 0.959 0.957 0.958 0.957 0.957 0.956 0.957 0.955
0 0 0 0 3 1 45 0.928 0.937 0.946 0.942 0.944 0.941 0.942 0.942 0.938 0.939
0 0 0 0 3 1 46 0.946 0.953 0.961 0.960 0.963 0.959 0.959 0.960 0.957 0.953
0 0 0 0 3 1 47 0.880 0.908 0.920 0.930 0.928 0.929 0.930 0.931 0.930 0.929
## root/medium_muon_2018/2018_Mu8_minus.root muonEffi_mc_eta_pt
ETA 0 3 48 -1 -2.4 -2.3 -2.2 -2.1 -2.0 -1.9 -1.8 -1.7 -1.6 -1.5 -1.4 -1.3 -1.2 -1.1 -1.0 -0.9 -0.8 -0.7 -0.6 -0.5 -0.4 -0.3 -0.2 -0.1 0.0 0.1 0.2 0.3 0.4 0.5 0.6 0.7 0.8 0.9 1.0 1.1 1.2 1.3 1.4 1.5 1.6 1.7 1.8 1.9 2.0 2.1 2.2 2.3 2.4
PT 0 3 10 -1 10.0 15.0 20.0 25.0 30.0 35.0 40.0 45.0 50.0 60.0 120.0
0 0 0 1 3 1 0 0.912 0.924 0.934 0.938 0.943 0.937 0.943 0.943 0.938 0.940
0 0 0 1 3 1 1 0.959 0.963 0.970 0.968 0.970 0.968 0.970 0.968 0.969 0.967
0 0 0 1 3 1 2 0.892 0.889 0.886 0.890 0.894 0.896 0.894 0.895 0.894 0.900
0 0 0 1 3 1 3 0.959 0.953 0.956 0.957 0.956 0.957 0.956 0.956 0.955 0.955
0 0 0 1 3 1 4 0.956 0.962 0.956 0.964 0.962 0.963 0.965 0.965 0.961 0.965
0 0 0 1 3 1 5 0.951 0.958 0.960 0.959 0.958 0.959 0.959 0.957 0.957 0.958
0 0 0 1 3 1 6 0.896 0.912 0.906 0.907 0.901 0.901 0.902 0.902 0.906 0.904
0 0 0 1 3 1 7 0.973 0.973 0.977 0.979 0.978 0.979 0.979 0.978 0.977 0.980
0 0 0 1 3 1 8 0.975 0.982 0.979 0.982 0.983 0.983 0.984 0.984 0.984 0.984
0 0 0 1 3 1 9 0.970 0.979 0.981 0.982 0.984 0.986 0.984 0.986 0.988 0.985
0 0 0 1 3 1 10 0.980 0.981 0.986 0.987 0.990 0.990 0.989 0.990 0.989 0.990
0 0 0 1 3 1 11 0.982 0.987 0.984 0.986 0.988 0.988 0.989 0.989 0.988 0.989
0 0 0 1 3 1 12 0.976 0.973 0.979 0.979 0.979 0.979 0.979 0.979 0.979 0.979
0 0 0 1 3 1 13 0.991 0.987 0.988 0.989 0.990 0.991 0.989 0.988 0.987 0.988
0 0 0 1 3 1 14 0.972 0.975 0.978 0.977 0.976 0.976 0.976 0.975 0.975 0.973
0 0 0 1 3 1 15 0.921 0.908 0.909 0.914 0.911 0.909 0.909 0.907 0.905 0.899
0 0 0 1 3 1 16 0.963 0.979 0.980 0.979 0.978 0.976 0.977 0.975 0.973 0.972
0 0 0 1 3 1 17 0.986 0.984 0.987 0.986 0.986 0.988 0.986 0.987 0.987 0.986
0 0 0 1 3 1 18 0.978 0.984 0.986 0.987 0.986 0.987 0.985 0.986 0.987 0.981
0 0 0 1 3 1 19 0.990 0.992 0.991 0.993 0.992 0.993 0.992 0.992 0.992 0.993
0 0 0 1 3 1 20 0.972 0.980 0.981 0.982 0.982 0.981 0.979 0.980 0.979 0.978
0 0 0 1 3 1 21 0.862 0.865 0.873 0.873 0.869 0.871 0.867 0.864 0.866 0.855
0 0 0 1 3 1 22 0.956 0.971 0.967 0.967 0.967 0.966 0.964 0.964 0.962 0.961
0 0 0 1 3 1 23 0.982 0.989 0.988 0.987 0.987 0.988 0.988 0.987 0.987 0.985
0 0 0 1 3 1 24 0.986 0.986 0.986 0.986 0.985 0.986 0.988 0.986 0.986 0.985
0 0 0 1 3 1 25 0.961 0.966 0.967 0.966 0.965 0.963 0.964 0.962 0.962 0.960
0 0 0 1 3 1 26 0.868 0.852 0.860 0.859 0.858 0.859 0.855 0.853 0.852 0.848
0 0 0 1 3 1 27 0.975 0.973 0.977 0.976 0.975 0.974 0.974 0.974 0.973 0.974
0 0 0 1 3 1 28 0.989 0.991 0.989 0.990 0.989 0.990 0.989 0.989 0.990 0.988
0 0 0 1 3 1 29 0.977 0.981 0.979 0.980 0.980 0.979 0.978 0.977 0.978 0.975
0 0 0 1 3 1 30 0.981 0.986 0.983 0.983 0.982 0.982 0.981 0.980 0.977 0.980
0 0 0 1 3 1 31 0.959 0.958 0.967 0.968 0.967 0.966 0.962 0.964 0.963 0.956
0 0 0 1 3 1 32 0.939 0.930 0.925 0.919 0.918 0.915 0.915 0.915 0.913 0.910
0 0 0 1 3 1 33 0.977 0.982 0.981 0.979 0.979 0.980 0.979 0.981 0.978 0.975
0 0 0 1 3 1 34 0.988 0.992 0.988 0.988 0.989 0.989 0.990 0.988 0.989 0.987
0 0 0 1 3 1 35 0.968 0.974 0.976 0.979 0.977 0.978 0.977 0.977 0.978 0.975
0 0 0 1 3 1 36 0.976 0.983 0.988 0.987 0.987 0.987 0.988 0.988 0.989 0.989
0 0 0 1 3 1 37 0.982 0.987 0.989 0.988 0.989 0.989 0.990 0.990 0.992 0.991
0 0 0 1 3 1 38 0.979 0.976 0.982 0.985 0.984 0.985 0.986 0.986 0.987 0.984
0 0 0 1 3 1 39 0.979 0.973 0.982 0.982 0.983 0.983 0.985 0.984 0.984 0.982
0 0 0 1 3 1 40 0.982 0.975 0.981 0.978 0.980 0.980 0.981 0.981 0.980 0.982
0 0 0 1 3 1 41 0.903 0.910 0.908 0.901 0.902 0.903 0.903 0.905 0.900 0.906
0 0 0 1 3 1 42 0.954 0.961 0.961 0.962 0.963 0.958 0.961 0.961 0.965 0.959
0 0 0 1 3 1 43 0.961 0.968 0.967 0.968 0.965 0.962 0.967 0.966 0.969 0.966
0 0 0 1 3 1 44 0.959 0.958 0.958 0.956 0.959 0.959 0.960 0.960 0.961 0.959
0 0 0 1 3 1 45 0.904 0.888 0.900 0.894 0.897 0.899 0.902 0.900 0.902 0.900
0 0 0 1 3 1 46 0.962 0.971 0.972 0.972 0.970 0.971 0.974 0.972 0.973 0.968
0 0 0 1 3 1 47 0.918 0.939 0.943 0.943 0.944 0.944 0.946 0.945 0.942 0.939
