## root/medium_electron_UL2017/egammaEffi.txt_EGM2D_MediumID_QPlus_hsseo_v2.root EGamma_EffData2D
ETA 1 0 16 -1 -2.5 -2.1 -1.8 -1.566 -1.444 -1.1 -0.8 -0.4 0.0 0.4 0.8 1.1 1.444 1.566 1.8 2.1 2.5
PT 1 0 10 -1 10.0 15.0 20.0 25.0 30.0 35.0 40.0 45.0 70.0 100.0 500.0
1 0 0 0 0 0 0 0.538 0.621 0.633 0.702 0.743 0.785 0.821 0.837 0.876 0.902
1 0 0 0 0 0 1 0.623 0.702 0.717 0.753 0.795 0.828 0.854 0.873 0.907 0.909
1 0 0 0 0 0 2 0.625 0.688 0.699 0.769 0.797 0.836 0.867 0.884 0.908 0.941
1 0 0 0 0 0 3 0.503 0.555 0.432 0.516 0.590 0.672 0.741 0.757 0.728 0.769
1 0 0 0 0 0 4 0.505 0.608 0.635 0.687 0.736 0.786 0.827 0.855 0.880 0.922
1 0 0 0 0 0 5 0.477 0.635 0.653 0.717 0.769 0.819 0.859 0.880 0.910 0.931
1 0 0 0 0 0 6 0.463 0.603 0.632 0.688 0.752 0.807 0.846 0.869 0.891 0.919
1 0 0 0 0 0 7 0.469 0.605 0.649 0.704 0.761 0.811 0.849 0.871 0.892 0.931
1 0 0 0 0 0 8 0.500 0.599 0.667 0.725 0.780 0.821 0.858 0.878 0.894 0.929
1 0 0 0 0 0 9 0.531 0.609 0.644 0.713 0.765 0.817 0.855 0.878 0.896 0.918
1 0 0 0 0 0 10 0.535 0.631 0.667 0.723 0.777 0.827 0.863 0.885 0.912 0.943
1 0 0 0 0 0 11 0.536 0.574 0.624 0.679 0.734 0.783 0.830 0.852 0.882 0.932
1 0 0 0 0 0 12 0.522 0.503 0.413 0.493 0.589 0.669 0.735 0.747 0.724 0.805
1 0 0 0 0 0 13 0.609 0.688 0.698 0.754 0.790 0.833 0.863 0.876 0.883 0.936
1 0 0 0 0 0 14 0.640 0.699 0.712 0.745 0.787 0.828 0.853 0.870 0.902 0.930
1 0 0 0 0 0 15 0.583 0.624 0.665 0.706 0.754 0.792 0.823 0.846 0.888 0.921
## root/medium_electron_UL2017/egammaEffi.txt_EGM2D_MediumID_QPlus_hsseo_v2.root EGamma_EffMC2D
ETA 1 0 16 -1 -2.5 -2.1 -1.8 -1.566 -1.444 -1.1 -0.8 -0.4 0.0 0.4 0.8 1.1 1.444 1.566 1.8 2.1 2.5
PT 1 0 10 -1 10.0 15.0 20.0 25.0 30.0 35.0 40.0 45.0 70.0 100.0 500.0
1 0 0 1 0 0 0 0.506 0.598 0.624 0.666 0.718 0.762 0.797 0.824 0.860 0.900
1 0 0 1 0 0 1 0.595 0.691 0.707 0.744 0.790 0.823 0.849 0.870 0.897 0.903
1 0 0 1 0 0 2 0.624 0.701 0.707 0.756 0.797 0.834 0.864 0.884 0.885 0.900
1 0 0 1 0 0 3 0.445 0.543 0.419 0.501 0.581 0.653 0.718 0.741 0.727 0.729
1 0 0 1 0 0 4 0.463 0.586 0.630 0.692 0.741 0.791 0.839 0.867 0.889 0.909
1 0 0 1 0 0 5 0.493 0.626 0.675 0.725 0.780 0.832 0.874 0.894 0.921 0.924
1 0 0 1 0 0 6 0.482 0.596 0.655 0.718 0.772 0.821 0.865 0.887 0.906 0.914
1 0 0 1 0 0 7 0.410 0.619 0.668 0.733 0.792 0.836 0.873 0.895 0.914 0.934
1 0 0 1 0 0 8 0.460 0.616 0.691 0.745 0.795 0.839 0.874 0.894 0.916 0.929
1 0 0 1 0 0 9 0.481 0.615 0.666 0.723 0.778 0.828 0.867 0.890 0.905 0.929
1 0 0 1 0 0 10 0.514 0.627 0.667 0.727 0.786 0.834 0.871 0.893 0.918 0.931
1 0 0 1 0 0 11 0.470 0.586 0.627 0.689 0.736 0.792 0.836 0.865 0.886 0.906
1 0 0 1 0 0 12 0.469 0.550 0.437 0.510 0.586 0.660 0.729 0.745 0.767 0.694
1 0 0 1 0 0 13 0.610 0.688 0.679 0.749 0.800 0.832 0.863 0.882 0.916 0.900
1 0 0 1 0 0 14 0.580 0.699 0.702 0.747 0.791 0.821 0.853 0.872 0.890 0.906
1 0 0 1 0 0 15 0.511 0.589 0.624 0.675 0.723 0.767 0.795 0.824 0.900 0.884
## root/medium_electron_UL2017/egammaEffi.txt_EGM2D_MediumID_QMinus_hsseo_v2.root EGamma_EffData2D
ETA 1 0 16 -1 -2.5 -2.1 -1.8 -1.566 -1.444 -1.1 -0.8 -0.4 0.0 0.4 0.8 1.1 1.444 1.566 1.8 2.1 2.5
PT 1 0 10 -1 10.0 15.0 20.0 25.0 30.0 35.0 40.0 45.0 70.0 100.0 500.0
1 0 0 0 0 1 0 0.570 0.615 0.655 0.702 0.749 0.782 0.815 0.842 0.881 0.915
1 0 0 0 0 1 1 0.646 0.694 0.719 0.747 0.794 0.825 0.855 0.872 0.896 0.915
1 0 0 0 0 1 2 0.644 0.726 0.705 0.757 0.800 0.838 0.866 0.882 0.918 0.931
1 0 0 0 0 1 3 0.593 0.625 0.453 0.489 0.597 0.682 0.740 0.759 0.721 0.816
1 0 0 0 0 1 4 0.495 0.601 0.623 0.698 0.741 0.789 0.833 0.856 0.886 0.920
1 0 0 0 0 1 5 0.517 0.638 0.662 0.727 0.774 0.822 0.861 0.882 0.901 0.940
1 0 0 0 0 1 6 0.490 0.598 0.651 0.699 0.754 0.807 0.848 0.870 0.889 0.927
1 0 0 0 0 1 7 0.466 0.570 0.653 0.713 0.762 0.815 0.853 0.873 0.896 0.931
1 0 0 0 0 1 8 0.461 0.608 0.657 0.717 0.773 0.817 0.856 0.876 0.909 0.925
1 0 0 0 0 1 9 0.494 0.602 0.651 0.706 0.762 0.814 0.855 0.875 0.894 0.941
1 0 0 0 0 1 10 0.500 0.640 0.652 0.715 0.772 0.821 0.862 0.883 0.918 0.932
1 0 0 0 0 1 11 0.484 0.613 0.622 0.670 0.733 0.781 0.825 0.849 0.894 0.923
1 0 0 0 0 1 12 0.626 0.539 0.395 0.494 0.586 0.663 0.720 0.742 0.745 0.734
1 0 0 0 0 1 13 0.640 0.672 0.687 0.750 0.794 0.831 0.861 0.878 0.911 0.926
1 0 0 0 0 1 14 0.691 0.698 0.707 0.750 0.787 0.825 0.856 0.874 0.889 0.916
1 0 0 0 0 1 15 0.577 0.644 0.657 0.716 0.762 0.795 0.826 0.848 0.899 0.943
## root/medium_electron_UL2017/egammaEffi.txt_EGM2D_MediumID_QMinus_hsseo_v2.root EGamma_EffMC2D
ETA 1 0 16 -1 -2.5 -2.1 -1.8 -1.566 -1.444 -1.1 -0.8 -0.4 0.0 0.4 0.8 1.1 1.444 1.566 1.8 2.1 2.5
PT 1 0 10 -1 10.0 15.0 20.0 25.0 30.0 35.0 40.0 45.0 70.0 100.0 500.0
1 0 0 1 0 1 0 0.515 0.578 0.608 0.672 0.719 0.762 0.798 0.822 0.874 0.881
1 0 0 1 0 1 1 0.584 0.693 0.701 0.747 0.789 0.825 0.853 0.872 0.894 0.919
1 0 0 1 0 1 2 0.616 0.699 0.697 0.753 0.805 0.831 0.862 0.879 0.912 0.909
1 0 0 1 0 1 3 0.441 0.523 0.411 0.506 0.576 0.658 0.727 0.745 0.692 0.666
1 0 0 1 0 1 4 0.459 0.602 0.634 0.694 0.745 0.795 0.843 0.869 0.889 0.924
1 0 0 1 0 1 5 0.502 0.629 0.672 0.736 0.788 0.835 0.874 0.895 0.921 0.929
1 0 0 1 0 1 6 0.489 0.621 0.657 0.720 0.775 0.826 0.867 0.888 0.913 0.917
1 0 0 1 0 1 7 0.461 0.597 0.674 0.745 0.793 0.840 0.876 0.895 0.909 0.924
1 0 0 1 0 1 8 0.423 0.605 0.679 0.734 0.788 0.837 0.873 0.892 0.908 0.928
1 0 0 1 0 1 9 0.476 0.604 0.658 0.714 0.776 0.827 0.865 0.887 0.905 0.924
1 0 0 1 0 1 10 0.514 0.618 0.667 0.721 0.776 0.830 0.869 0.891 0.906 0.922
1 0 0 1 0 1 11 0.475 0.578 0.631 0.681 0.730 0.786 0.833 0.861 0.889 0.900
1 0 0 1 0 1 12 0.443 0.534 0.439 0.508 0.588 0.656 0.723 0.745 0.705 0.747
1 0 0 1 0 1 13 0.620 0.698 0.687 0.753 0.797 0.833 0.861 0.880 0.913 0.924
1 0 0 1 0 1 14 0.619 0.705 0.701 0.747 0.787 0.821 0.852 0.871 0.898 0.940
1 0 0 1 0 1 15 0.509 0.582 0.620 0.680 0.725 0.765 0.797 0.826 0.875 0.924
## root/medium_electron_UL2017/egammaEffi.txt_EGM2D_Ele32_MediumID_QPlus_hsseo_v2.root EGamma_EffData2D
ETA 1 1 16 -1 -2.5 -2.1 -1.8 -1.566 -1.444 -1.1 -0.8 -0.4 0.0 0.4 0.8 1.1 1.444 1.566 1.8 2.1 2.5
PT 1 1 10 -1 10.0 15.0 20.0 25.0 30.0 35.0 40.0 45.0 70.0 100.0 500.0
1 0 0 0 1 0 0 0.000 0.000 0.000 0.000 0.297 0.715 0.772 0.811 0.879 0.900
1 0 0 0 1 0 1 0.000 0.000 0.000 0.000 0.319 0.781 0.817 0.838 0.890 0.917
1 0 0 0 1 0 2 0.000 0.000 0.000 0.000 0.382 0.792 0.830 0.848 0.893 0.888
1 0 0 0 1 0 3 0.000 0.000 0.000 0.000 0.494 0.781 0.811 0.826 0.877 0.858
1 0 0 0 1 0 4 0.000 0.000 0.000 0.000 0.366 0.782 0.822 0.843 0.888 0.912
1 0 0 0 1 0 5 0.000 0.000 0.000 0.000 0.407 0.846 0.865 0.875 0.914 0.941
1 0 0 0 1 0 6 0.000 0.000 0.000 0.000 0.431 0.849 0.865 0.880 0.916 0.926
1 0 0 0 1 0 7 0.000 0.000 0.000 0.000 0.410 0.830 0.848 0.863 0.902 0.927
1 0 0 0 1 0 8 0.000 0.000 0.000 0.000 0.412 0.820 0.836 0.847 0.877 0.905
1 0 0 0 1 0 9 0.000 0.000 0.000 0.000 0.420 0.825 0.839 0.855 0.896 0.908
1 0 0 0 1 0 10 0.000 0.000 0.000 0.000 0.374 0.822 0.844 0.853 0.892 0.908
1 0 0 0 1 0 11 0.000 0.000 0.000 0.000 0.333 0.754 0.794 0.818 0.859 0.901
1 0 0 0 1 0 12 0.000 0.000 0.000 0.000 0.454 0.765 0.805 0.827 0.873 0.822
1 0 0 0 1 0 13 0.000 0.000 0.000 0.000 0.345 0.794 0.835 0.855 0.908 0.922
1 0 0 0 1 0 14 0.000 0.000 0.000 0.000 0.284 0.767 0.811 0.826 0.881 0.899
1 0 0 0 1 0 15 0.000 0.000 0.000 0.000 0.267 0.681 0.751 0.788 0.871 0.877
## root/medium_electron_UL2017/egammaEffi.txt_EGM2D_Ele32_MediumID_QPlus_hsseo_v2.root EGamma_EffMC2D
ETA 1 1 16 -1 -2.5 -2.1 -1.8 -1.566 -1.444 -1.1 -0.8 -0.4 0.0 0.4 0.8 1.1 1.444 1.566 1.8 2.1 2.5
PT 1 1 10 -1 10.0 15.0 20.0 25.0 30.0 35.0 40.0 45.0 70.0 100.0 500.0
1 0 0 1 1 0 0 0.000 0.000 0.000 0.000 0.378 0.638 0.721 0.770 0.828 0.844
1 0 0 1 1 0 1 0.000 0.000 0.000 0.000 0.358 0.758 0.841 0.862 0.922 0.915
1 0 0 1 1 0 2 0.000 0.000 0.000 0.000 0.336 0.802 0.855 0.872 0.901 0.917
1 0 0 1 1 0 3 0.000 0.000 0.000 0.000 0.544 0.781 0.825 0.843 0.894 0.837
1 0 0 1 1 0 4 0.000 0.000 0.000 0.000 0.535 0.798 0.831 0.851 0.894 0.910
1 0 0 1 1 0 5 0.000 0.000 0.000 0.000 0.565 0.850 0.868 0.879 0.907 0.943
1 0 0 1 1 0 6 0.000 0.000 0.000 0.000 0.589 0.849 0.864 0.880 0.915 0.924
1 0 0 1 1 0 7 0.000 0.000 0.000 0.000 0.590 0.852 0.869 0.881 0.908 0.935
1 0 0 1 1 0 8 0.000 0.000 0.000 0.000 0.565 0.846 0.858 0.871 0.905 0.917
1 0 0 1 1 0 9 0.000 0.000 0.000 0.000 0.569 0.838 0.856 0.869 0.902 0.925
1 0 0 1 1 0 10 0.000 0.000 0.000 0.000 0.541 0.834 0.859 0.868 0.908 0.934
1 0 0 1 1 0 11 0.000 0.000 0.000 0.000 0.502 0.778 0.810 0.832 0.883 0.910
1 0 0 1 1 0 12 0.000 0.000 0.000 0.000 0.532 0.770 0.820 0.845 0.862 0.845
1 0 0 1 1 0 13 0.000 0.000 0.000 0.000 0.359 0.807 0.864 0.877 0.912 0.931
1 0 0 1 1 0 14 0.000 0.000 0.000 0.000 0.347 0.772 0.840 0.856 0.890 0.927
1 0 0 1 1 0 15 0.000 0.000 0.000 0.000 0.376 0.627 0.709 0.758 0.824 0.897
## root/medium_electron_UL2017/egammaEffi.txt_EGM2D_Ele32_MediumID_QMinus_hsseo_v2.root EGamma_EffData2D
ETA 1 1 16 -1 -2.5 -2.1 -1.8 -1.566 -1.444 -1.1 -0.8 -0.4 0.0 0.4 0.8 1.1 1.444 1.566 1.8 2.1 2.5
PT 1 1 10 -1 10.0 15.0 20.0 25.0 30.0 35.0 40.0 45.0 70.0 100.0 500.0
1 0 0 0 1 1 0 0.000 0.000 0.000 0.000 0.300 0.715 0.777 0.804 0.859 0.898
1 0 0 0 1 1 1 0.000 0.000 0.000 0.000 0.316 0.782 0.816 0.838 0.883 0.917
1 0 0 0 1 1 2 0.000 0.000 0.000 0.000 0.382 0.795 0.831 0.849 0.898 0.903
1 0 0 0 1 1 3 0.000 0.000 0.000 0.000 0.502 0.780 0.811 0.825 0.858 0.833
1 0 0 0 1 1 4 0.000 0.000 0.000 0.000 0.364 0.780 0.820 0.844 0.886 0.921
1 0 0 0 1 1 5 0.000 0.000 0.000 0.000 0.409 0.846 0.832 0.877 0.913 0.935
1 0 0 0 1 1 6 0.000 0.000 0.000 0.000 0.432 0.849 0.865 0.879 0.910 0.928
1 0 0 0 1 1 7 0.000 0.000 0.000 0.000 0.409 0.833 0.850 0.864 0.902 0.914
1 0 0 0 1 1 8 0.000 0.000 0.000 0.000 0.411 0.817 0.831 0.848 0.879 0.906
1 0 0 0 1 1 9 0.000 0.000 0.000 0.000 0.423 0.824 0.840 0.854 0.883 0.908
1 0 0 0 1 1 10 0.000 0.000 0.000 0.000 0.373 0.820 0.843 0.853 0.891 0.914
1 0 0 0 1 1 11 0.000 0.000 0.000 0.000 0.329 0.756 0.786 0.818 0.874 0.890
1 0 0 0 1 1 12 0.000 0.000 0.000 0.000 0.461 0.770 0.801 0.821 0.843 0.849
1 0 0 0 1 1 13 0.000 0.000 0.000 0.000 0.344 0.799 0.835 0.857 0.897 0.919
1 0 0 0 1 1 14 0.000 0.000 0.000 0.000 0.283 0.763 0.808 0.824 0.871 0.906
1 0 0 0 1 1 15 0.000 0.000 0.000 0.000 0.257 0.678 0.749 0.781 0.839 0.872
## root/medium_electron_UL2017/egammaEffi.txt_EGM2D_Ele32_MediumID_QMinus_hsseo_v2.root EGamma_EffMC2D
ETA 1 1 16 -1 -2.5 -2.1 -1.8 -1.566 -1.444 -1.1 -0.8 -0.4 0.0 0.4 0.8 1.1 1.444 1.566 1.8 2.1 2.5
PT 1 1 10 -1 10.0 15.0 20.0 25.0 30.0 35.0 40.0 45.0 70.0 100.0 500.0
1 0 0 1 1 1 0 0.000 0.000 0.000 0.000 0.376 0.638 0.720 0.765 0.828 0.895
1 0 0 1 1 1 1 0.000 0.000 0.000 0.000 0.357 0.760 0.842 0.861 0.919 0.914
1 0 0 1 1 1 2 0.000 0.000 0.000 0.000 0.337 0.800 0.857 0.869 0.908 0.925
1 0 0 1 1 1 3 0.000 0.000 0.000 0.000 0.541 0.776 0.824 0.839 0.871 0.860
1 0 0 1 1 1 4 0.000 0.000 0.000 0.000 0.535 0.797 0.831 0.850 0.896 0.929
1 0 0 1 1 1 5 0.000 0.000 0.000 0.000 0.571 0.853 0.871 0.882 0.916 0.933
1 0 0 1 1 1 6 0.000 0.000 0.000 0.000 0.590 0.851 0.867 0.880 0.902 0.925
1 0 0 1 1 1 7 0.000 0.000 0.000 0.000 0.589 0.853 0.868 0.879 0.910 0.926
1 0 0 1 1 1 8 0.000 0.000 0.000 0.000 0.562 0.843 0.857 0.871 0.901 0.920
1 0 0 1 1 1 9 0.000 0.000 0.000 0.000 0.561 0.837 0.856 0.871 0.908 0.919
1 0 0 1 1 1 10 0.000 0.000 0.000 0.000 0.538 0.837 0.857 0.867 0.915 0.919
1 0 0 1 1 1 11 0.000 0.000 0.000 0.000 0.499 0.773 0.808 0.829 0.877 0.904
1 0 0 1 1 1 12 0.000 0.000 0.000 0.000 0.519 0.772 0.823 0.835 0.860 0.865
1 0 0 1 1 1 13 0.000 0.000 0.000 0.000 0.366 0.810 0.859 0.875 0.908 0.925
1 0 0 1 1 1 14 0.000 0.000 0.000 0.000 0.344 0.770 0.839 0.854 0.908 0.915
1 0 0 1 1 1 15 0.000 0.000 0.000 0.000 0.374 0.625 0.713 0.758 0.855 0.851
## root/medium_electron_UL2017/egammaEffi.txt_EGM2D_Ele23Leg1_MediumID_QPlus_hsseo_v2.root EGamma_EffData2D
ETA 1 2 16 -1 -2.5 -2.1 -1.8 -1.566 -1.444 -1.1 -0.8 -0.4 0.0 0.4 0.8 1.1 1.444 1.566 1.8 2.1 2.5
PT 1 2 10 -1 10.0 15.0 20.0 25.0 30.0 35.0 40.0 45.0 70.0 100.0 500.0
1 0 0 0 2 0 0 0.000 0.000 0.240 0.837 0.915 0.937 0.949 0.959 0.978 0.984
1 0 0 0 2 0 1 0.000 0.000 0.254 0.930 0.963 0.968 0.971 0.975 0.985 0.985
1 0 0 0 2 0 2 0.000 0.000 0.315 0.923 0.956 0.960 0.969 0.974 0.984 0.976
1 0 0 0 2 0 3 0.000 0.000 0.507 0.906 0.945 0.951 0.947 0.944 0.942 0.939
1 0 0 0 2 0 4 0.000 0.000 0.285 0.891 0.927 0.938 0.947 0.952 0.964 0.968
1 0 0 0 2 0 5 0.000 0.000 0.287 0.916 0.940 0.952 0.959 0.958 0.976 0.981
1 0 0 0 2 0 6 0.000 0.000 0.315 0.920 0.941 0.954 0.959 0.965 0.980 0.978
1 0 0 0 2 0 7 0.000 0.000 0.302 0.898 0.921 0.942 0.947 0.955 0.976 0.976
1 0 0 0 2 0 8 0.000 0.000 0.303 0.905 0.921 0.936 0.938 0.945 0.959 0.968
1 0 0 0 2 0 9 0.000 0.000 0.315 0.915 0.935 0.944 0.945 0.953 0.965 0.964
1 0 0 0 2 0 10 0.000 0.000 0.278 0.907 0.934 0.947 0.952 0.949 0.966 0.965
1 0 0 0 2 0 11 0.000 0.000 0.263 0.872 0.904 0.918 0.926 0.932 0.942 0.955
1 0 0 0 2 0 12 0.000 0.000 0.420 0.900 0.943 0.951 0.948 0.947 0.952 0.915
1 0 0 0 2 0 13 0.000 0.000 0.265 0.913 0.958 0.965 0.973 0.978 0.992 0.981
1 0 0 0 2 0 14 0.000 0.000 0.212 0.907 0.953 0.963 0.968 0.969 0.984 0.982
1 0 0 0 2 0 15 0.000 0.000 0.197 0.757 0.867 0.907 0.928 0.943 0.970 0.973
## root/medium_electron_UL2017/egammaEffi.txt_EGM2D_Ele23Leg1_MediumID_QPlus_hsseo_v2.root EGamma_EffMC2D
ETA 1 2 16 -1 -2.5 -2.1 -1.8 -1.566 -1.444 -1.1 -0.8 -0.4 0.0 0.4 0.8 1.1 1.444 1.566 1.8 2.1 2.5
PT 1 2 10 -1 10.0 15.0 20.0 25.0 30.0 35.0 40.0 45.0 70.0 100.0 500.0
1 0 0 1 2 0 0 0.000 0.000 0.402 0.823 0.915 0.943 0.959 0.967 0.976 0.973
1 0 0 1 2 0 1 0.000 0.000 0.314 0.900 0.970 0.977 0.979 0.981 0.988 0.988
1 0 0 1 2 0 2 0.000 0.000 0.269 0.910 0.955 0.967 0.969 0.972 0.977 0.981
1 0 0 1 2 0 3 0.000 0.000 0.569 0.899 0.940 0.942 0.940 0.941 0.948 0.929
1 0 0 1 2 0 4 0.000 0.000 0.453 0.900 0.925 0.934 0.940 0.945 0.959 0.964
1 0 0 1 2 0 5 0.000 0.000 0.447 0.923 0.943 0.956 0.959 0.959 0.967 0.979
1 0 0 1 2 0 6 0.000 0.000 0.460 0.919 0.938 0.949 0.954 0.961 0.967 0.975
1 0 0 1 2 0 7 0.000 0.000 0.462 0.918 0.938 0.953 0.958 0.962 0.970 0.975
1 0 0 1 2 0 8 0.000 0.000 0.457 0.920 0.939 0.950 0.951 0.957 0.965 0.963
1 0 0 1 2 0 9 0.000 0.000 0.459 0.922 0.940 0.949 0.951 0.957 0.971 0.970
1 0 0 1 2 0 10 0.000 0.000 0.433 0.913 0.941 0.952 0.957 0.957 0.972 0.977
1 0 0 1 2 0 11 0.000 0.000 0.426 0.880 0.907 0.918 0.925 0.931 0.951 0.962
1 0 0 1 2 0 12 0.000 0.000 0.489 0.873 0.933 0.935 0.939 0.945 0.941 0.930
1 0 0 1 2 0 13 0.000 0.000 0.290 0.903 0.956 0.967 0.972 0.973 0.984 0.979
1 0 0 1 2 0 14 0.000 0.000 0.284 0.903 0.968 0.973 0.976 0.978 0.982 0.987
1 0 0 1 2 0 15 0.000 0.000 0.400 0.819 0.906 0.936 0.955 0.965 0.976 0.991
## root/medium_electron_UL2017/egammaEffi.txt_EGM2D_Ele23Leg1_MediumID_QMinus_hsseo_v2.root EGamma_EffData2D
ETA 1 2 16 -1 -2.5 -2.1 -1.8 -1.566 -1.444 -1.1 -0.8 -0.4 0.0 0.4 0.8 1.1 1.444 1.566 1.8 2.1 2.5
PT 1 2 10 -1 10.0 15.0 20.0 25.0 30.0 35.0 40.0 45.0 70.0 100.0 500.0
1 0 0 0 2 1 0 0.000 0.000 0.234 0.837 0.914 0.937 0.948 0.959 0.977 0.981
1 0 0 0 2 1 1 0.000 0.000 0.246 0.932 0.961 0.968 0.969 0.975 0.984 0.990
1 0 0 0 2 1 2 0.000 0.000 0.302 0.931 0.955 0.962 0.971 0.973 0.985 0.987
1 0 0 0 2 1 3 0.000 0.000 0.484 0.911 0.950 0.953 0.944 0.943 0.957 0.927
1 0 0 0 2 1 4 0.000 0.000 0.297 0.901 0.930 0.940 0.947 0.953 0.967 0.971
1 0 0 0 2 1 5 0.000 0.000 0.297 0.919 0.943 0.955 0.959 0.960 0.974 0.978
1 0 0 0 2 1 6 0.000 0.000 0.325 0.925 0.943 0.955 0.959 0.966 0.977 0.981
1 0 0 0 2 1 7 0.000 0.000 0.299 0.907 0.925 0.944 0.947 0.956 0.971 0.971
1 0 0 0 2 1 8 0.000 0.000 0.308 0.896 0.913 0.932 0.937 0.945 0.962 0.969
1 0 0 0 2 1 9 0.000 0.000 0.311 0.912 0.928 0.942 0.946 0.953 0.965 0.970
1 0 0 0 2 1 10 0.000 0.000 0.274 0.908 0.934 0.944 0.950 0.949 0.962 0.968
1 0 0 0 2 1 11 0.000 0.000 0.264 0.871 0.904 0.917 0.925 0.928 0.957 0.964
1 0 0 0 2 1 12 0.000 0.000 0.427 0.883 0.942 0.952 0.949 0.946 0.951 0.951
1 0 0 0 2 1 13 0.000 0.000 0.264 0.910 0.957 0.966 0.972 0.976 0.988 0.986
1 0 0 0 2 1 14 0.000 0.000 0.205 0.906 0.953 0.961 0.967 0.971 0.976 0.977
1 0 0 0 2 1 15 0.000 0.000 0.207 0.764 0.859 0.902 0.927 0.943 0.966 0.962
## root/medium_electron_UL2017/egammaEffi.txt_EGM2D_Ele23Leg1_MediumID_QMinus_hsseo_v2.root EGamma_EffMC2D
ETA 1 2 16 -1 -2.5 -2.1 -1.8 -1.566 -1.444 -1.1 -0.8 -0.4 0.0 0.4 0.8 1.1 1.444 1.566 1.8 2.1 2.5
PT 1 2 10 -1 10.0 15.0 20.0 25.0 30.0 35.0 40.0 45.0 70.0 100.0 500.0
1 0 0 1 2 1 0 0.000 0.000 0.405 0.822 0.915 0.941 0.956 0.965 0.965 0.986
1 0 0 1 2 1 1 0.000 0.000 0.310 0.897 0.969 0.978 0.979 0.980 0.992 0.988
1 0 0 1 2 1 2 0.000 0.000 0.275 0.905 0.957 0.964 0.970 0.972 0.975 0.980
1 0 0 1 2 1 3 0.000 0.000 0.533 0.900 0.938 0.940 0.941 0.938 0.962 0.949
1 0 0 1 2 1 4 0.000 0.000 0.455 0.901 0.928 0.935 0.942 0.945 0.958 0.968
1 0 0 1 2 1 5 0.000 0.000 0.458 0.927 0.946 0.957 0.960 0.960 0.973 0.976
1 0 0 1 2 1 6 0.000 0.000 0.471 0.925 0.942 0.952 0.955 0.961 0.966 0.970
1 0 0 1 2 1 7 0.000 0.000 0.459 0.922 0.942 0.954 0.959 0.962 0.975 0.976
1 0 0 1 2 1 8 0.000 0.000 0.450 0.910 0.933 0.948 0.951 0.955 0.968 0.971
1 0 0 1 2 1 9 0.000 0.000 0.450 0.914 0.934 0.946 0.950 0.958 0.967 0.971
1 0 0 1 2 1 10 0.000 0.000 0.439 0.916 0.938 0.951 0.956 0.956 0.971 0.966
1 0 0 1 2 1 11 0.000 0.000 0.423 0.876 0.904 0.914 0.925 0.930 0.945 0.953
1 0 0 1 2 1 12 0.000 0.000 0.511 0.888 0.930 0.940 0.939 0.942 0.934 0.944
1 0 0 1 2 1 13 0.000 0.000 0.280 0.904 0.955 0.968 0.970 0.972 0.982 0.978
1 0 0 1 2 1 14 0.000 0.000 0.283 0.902 0.969 0.975 0.976 0.976 0.986 0.989
1 0 0 1 2 1 15 0.000 0.000 0.410 0.813 0.909 0.934 0.954 0.964 0.979 0.986
## root/medium_electron_UL2017/egammaEffi.txt_EGM2D_Ele12Leg2_MediumID_QPlus_hsseo_v2.root EGamma_EffData2D
ETA 1 3 16 -1 -2.5 -2.1 -1.8 -1.566 -1.444 -1.1 -0.8 -0.4 0.0 0.4 0.8 1.1 1.444 1.566 1.8 2.1 2.5
PT 1 3 10 -1 10.0 15.0 20.0 25.0 30.0 35.0 40.0 45.0 70.0 100.0 500.0
1 0 0 0 3 0 0 0.341 0.720 0.825 0.877 0.916 0.938 0.950 0.960 0.980 0.985
1 0 0 0 3 0 1 0.363 0.854 0.934 0.953 0.964 0.967 0.972 0.975 0.986 0.986
1 0 0 0 3 0 2 0.390 0.838 0.929 0.949 0.957 0.960 0.969 0.974 0.983 0.979
1 0 0 0 3 0 3 0.479 0.874 0.933 0.927 0.946 0.951 0.947 0.944 0.942 0.942
1 0 0 0 3 0 4 0.444 0.865 0.911 0.914 0.927 0.939 0.947 0.952 0.964 0.972
1 0 0 0 3 0 5 0.513 0.921 0.916 0.927 0.941 0.952 0.959 0.958 0.976 0.983
1 0 0 0 3 0 6 0.612 0.937 0.929 0.928 0.941 0.955 0.959 0.965 0.980 0.979
1 0 0 0 3 0 7 0.659 0.922 0.907 0.904 0.922 0.942 0.947 0.955 0.976 0.978
1 0 0 0 3 0 8 0.655 0.912 0.899 0.909 0.921 0.936 0.940 0.946 0.959 0.969
1 0 0 0 3 0 9 0.592 0.920 0.927 0.921 0.936 0.944 0.946 0.953 0.965 0.966
1 0 0 0 3 0 10 0.513 0.904 0.915 0.923 0.935 0.947 0.952 0.949 0.966 0.966
1 0 0 0 3 0 11 0.447 0.839 0.874 0.894 0.906 0.918 0.926 0.932 0.943 0.957
1 0 0 0 3 0 12 0.512 0.897 0.910 0.932 0.946 0.950 0.948 0.947 0.952 0.916
1 0 0 0 3 0 13 0.368 0.829 0.913 0.955 0.960 0.965 0.973 0.978 0.992 0.984
1 0 0 0 3 0 14 0.343 0.822 0.914 0.943 0.955 0.964 0.969 0.970 0.984 0.984
1 0 0 0 3 0 15 0.258 0.655 0.730 0.805 0.868 0.909 0.928 0.944 0.970 0.974
## root/medium_electron_UL2017/egammaEffi.txt_EGM2D_Ele12Leg2_MediumID_QPlus_hsseo_v2.root EGamma_EffMC2D
ETA 1 3 16 -1 -2.5 -2.1 -1.8 -1.566 -1.444 -1.1 -0.8 -0.4 0.0 0.4 0.8 1.1 1.444 1.566 1.8 2.1 2.5
PT 1 3 10 -1 10.0 15.0 20.0 25.0 30.0 35.0 40.0 45.0 70.0 100.0 500.0
1 0 0 1 3 0 0 0.474 0.828 0.895 0.921 0.940 0.952 0.961 0.968 0.976 0.974
1 0 0 1 3 0 1 0.492 0.917 0.953 0.964 0.973 0.977 0.980 0.981 0.989 0.989
1 0 0 1 3 0 2 0.468 0.906 0.942 0.953 0.957 0.967 0.969 0.972 0.977 0.984
1 0 0 1 3 0 3 0.606 0.905 0.915 0.928 0.941 0.942 0.941 0.941 0.948 0.934
1 0 0 1 3 0 4 0.572 0.871 0.899 0.913 0.925 0.934 0.940 0.945 0.959 0.965
1 0 0 1 3 0 5 0.625 0.927 0.917 0.930 0.944 0.956 0.959 0.959 0.968 0.982
1 0 0 1 3 0 6 0.708 0.924 0.923 0.924 0.938 0.949 0.955 0.961 0.967 0.976
1 0 0 1 3 0 7 0.733 0.930 0.915 0.922 0.938 0.953 0.958 0.962 0.970 0.977
1 0 0 1 3 0 8 0.720 0.930 0.920 0.923 0.940 0.950 0.951 0.957 0.965 0.965
1 0 0 1 3 0 9 0.724 0.931 0.927 0.928 0.941 0.949 0.951 0.957 0.972 0.973
1 0 0 1 3 0 10 0.629 0.926 0.924 0.925 0.942 0.952 0.957 0.957 0.972 0.978
1 0 0 1 3 0 11 0.537 0.871 0.881 0.894 0.907 0.918 0.925 0.931 0.951 0.963
1 0 0 1 3 0 12 0.564 0.905 0.906 0.913 0.936 0.936 0.940 0.945 0.941 0.930
1 0 0 1 3 0 13 0.479 0.906 0.933 0.951 0.959 0.968 0.972 0.974 0.985 0.980
1 0 0 1 3 0 14 0.487 0.916 0.946 0.962 0.970 0.974 0.976 0.978 0.982 0.987
1 0 0 1 3 0 15 0.493 0.813 0.880 0.918 0.936 0.947 0.958 0.966 0.978 0.991
## root/medium_electron_UL2017/egammaEffi.txt_EGM2D_Ele12Leg2_MediumID_QMinus_hsseo_v2.root EGamma_EffData2D
ETA 1 3 16 -1 -2.5 -2.1 -1.8 -1.566 -1.444 -1.1 -0.8 -0.4 0.0 0.4 0.8 1.1 1.444 1.566 1.8 2.1 2.5
PT 1 3 10 -1 10.0 15.0 20.0 25.0 30.0 35.0 40.0 45.0 70.0 100.0 500.0
1 0 0 0 3 1 0 0.306 0.727 0.811 0.878 0.916 0.938 0.950 0.960 0.980 0.984
1 0 0 0 3 1 1 0.354 0.861 0.931 0.955 0.962 0.968 0.970 0.975 0.984 0.993
1 0 0 0 3 1 2 0.368 0.833 0.926 0.956 0.956 0.962 0.971 0.973 0.986 0.986
1 0 0 0 3 1 3 0.524 0.870 0.919 0.930 0.951 0.954 0.944 0.944 0.957 0.927
1 0 0 0 3 1 4 0.421 0.870 0.911 0.923 0.931 0.941 0.947 0.953 0.967 0.972
1 0 0 0 3 1 5 0.528 0.921 0.926 0.931 0.944 0.955 0.959 0.960 0.974 0.980
1 0 0 0 3 1 6 0.661 0.937 0.938 0.934 0.943 0.955 0.959 0.966 0.978 0.981
1 0 0 0 3 1 7 0.614 0.927 0.912 0.914 0.926 0.944 0.947 0.956 0.971 0.974
1 0 0 0 3 1 8 0.599 0.908 0.904 0.900 0.914 0.932 0.937 0.946 0.962 0.969
1 0 0 0 3 1 9 0.646 0.927 0.921 0.917 0.928 0.942 0.946 0.953 0.965 0.972
1 0 0 0 3 1 10 0.535 0.906 0.922 0.922 0.934 0.944 0.950 0.949 0.962 0.970
1 0 0 0 3 1 11 0.450 0.824 0.880 0.894 0.905 0.918 0.925 0.930 0.957 0.964
1 0 0 0 3 1 12 0.464 0.886 0.915 0.924 0.945 0.953 0.949 0.946 0.951 0.951
1 0 0 0 3 1 13 0.372 0.822 0.921 0.949 0.959 0.967 0.972 0.976 0.989 0.988
1 0 0 0 3 1 14 0.346 0.812 0.902 0.942 0.954 0.962 0.968 0.971 0.976 0.979
1 0 0 0 3 1 15 0.288 0.632 0.738 0.796 0.862 0.904 0.928 0.944 0.966 0.963
## root/medium_electron_UL2017/egammaEffi.txt_EGM2D_Ele12Leg2_MediumID_QMinus_hsseo_v2.root EGamma_EffMC2D
ETA 1 3 16 -1 -2.5 -2.1 -1.8 -1.566 -1.444 -1.1 -0.8 -0.4 0.0 0.4 0.8 1.1 1.444 1.566 1.8 2.1 2.5
PT 1 3 10 -1 10.0 15.0 20.0 25.0 30.0 35.0 40.0 45.0 70.0 100.0 500.0
1 0 0 1 3 1 0 0.460 0.815 0.897 0.923 0.945 0.951 0.959 0.966 0.965 0.986
1 0 0 1 3 1 1 0.487 0.913 0.954 0.963 0.971 0.978 0.979 0.980 0.992 0.990
1 0 0 1 3 1 2 0.469 0.912 0.944 0.953 0.958 0.964 0.970 0.972 0.976 0.981
1 0 0 1 3 1 3 0.609 0.884 0.915 0.927 0.939 0.940 0.941 0.938 0.962 0.949
1 0 0 1 3 1 4 0.581 0.887 0.911 0.913 0.929 0.935 0.942 0.945 0.958 0.969
1 0 0 1 3 1 5 0.639 0.923 0.927 0.934 0.946 0.957 0.960 0.960 0.973 0.976
1 0 0 1 3 1 6 0.690 0.933 0.929 0.929 0.943 0.952 0.955 0.961 0.966 0.971
1 0 0 1 3 1 7 0.732 0.930 0.925 0.927 0.943 0.954 0.959 0.962 0.975 0.978
1 0 0 1 3 1 8 0.700 0.914 0.913 0.914 0.933 0.948 0.951 0.955 0.968 0.972
1 0 0 1 3 1 9 0.677 0.934 0.921 0.920 0.934 0.946 0.950 0.958 0.968 0.973
1 0 0 1 3 1 10 0.618 0.918 0.919 0.926 0.938 0.951 0.956 0.956 0.971 0.968
1 0 0 1 3 1 11 0.526 0.860 0.882 0.890 0.904 0.914 0.925 0.930 0.945 0.954
1 0 0 1 3 1 12 0.587 0.863 0.910 0.924 0.936 0.940 0.940 0.942 0.934 0.944
1 0 0 1 3 1 13 0.499 0.905 0.936 0.953 0.957 0.968 0.970 0.972 0.982 0.979
1 0 0 1 3 1 14 0.490 0.919 0.951 0.963 0.971 0.976 0.976 0.977 0.986 0.989
1 0 0 1 3 1 15 0.514 0.811 0.882 0.913 0.936 0.946 0.957 0.965 0.979 0.986
