## root/tight_electron_2018/egammaEffi.txt_EGM2D_TightID_Selective_QPlus_hsseo_v2.root EGamma_EffData2D
ETA 1 0 16 -1 -2.5 -2.1 -1.8 -1.566 -1.444 -1.1 -0.8 -0.4 0.0 0.4 0.8 1.1 1.444 1.566 1.8 2.1 2.5
PT 1 0 10 -1 10.0 15.0 20.0 25.0 30.0 35.0 40.0 45.0 70.0 100.0 500.0
1 0 0 0 0 0 0 0.322 0.421 0.473 0.525 0.583 0.612 0.642 0.666 0.683 0.657
1 0 0 0 0 0 1 0.388 0.519 0.543 0.607 0.661 0.700 0.734 0.752 0.780 0.759
1 0 0 0 0 0 2 0.369 0.510 0.533 0.599 0.657 0.703 0.742 0.765 0.777 0.799
1 0 0 0 0 0 3 0.355 0.266 0.270 0.350 0.429 0.501 0.566 0.597 0.580 0.624
1 0 0 0 0 0 4 0.273 0.339 0.397 0.451 0.514 0.574 0.620 0.658 0.709 0.741
1 0 0 0 0 0 5 0.314 0.436 0.487 0.538 0.617 0.673 0.718 0.748 0.794 0.829
1 0 0 0 0 0 6 0.308 0.441 0.495 0.560 0.629 0.685 0.729 0.760 0.797 0.835
1 0 0 0 0 0 7 0.295 0.449 0.512 0.584 0.649 0.699 0.742 0.772 0.811 0.858
1 0 0 0 0 0 8 0.314 0.463 0.542 0.603 0.656 0.706 0.746 0.774 0.811 0.853
1 0 0 0 0 0 9 0.301 0.459 0.518 0.578 0.636 0.689 0.733 0.765 0.792 0.839
1 0 0 0 0 0 10 0.326 0.439 0.495 0.556 0.618 0.676 0.717 0.745 0.783 0.819
1 0 0 0 0 0 11 0.252 0.327 0.381 0.427 0.499 0.550 0.596 0.629 0.683 0.712
1 0 0 0 0 0 12 0.273 0.310 0.251 0.330 0.404 0.473 0.538 0.562 0.548 0.642
1 0 0 0 0 0 13 0.391 0.494 0.504 0.576 0.646 0.696 0.734 0.758 0.769 0.795
1 0 0 0 0 0 14 0.389 0.515 0.560 0.598 0.652 0.693 0.727 0.747 0.776 0.758
1 0 0 0 0 0 15 0.315 0.409 0.475 0.524 0.570 0.602 0.636 0.657 0.714 0.652
## root/tight_electron_2018/egammaEffi.txt_EGM2D_TightID_Selective_QPlus_hsseo_v2.root EGamma_EffMC2D
ETA 1 0 16 -1 -2.5 -2.1 -1.8 -1.566 -1.444 -1.1 -0.8 -0.4 0.0 0.4 0.8 1.1 1.444 1.566 1.8 2.1 2.5
PT 1 0 10 -1 10.0 15.0 20.0 25.0 30.0 35.0 40.0 45.0 70.0 100.0 500.0
1 0 0 1 0 0 0 0.263 0.358 0.410 0.470 0.518 0.560 0.596 0.627 0.648 0.673
1 0 0 1 0 0 1 0.400 0.513 0.563 0.606 0.651 0.693 0.727 0.751 0.786 0.760
1 0 0 1 0 0 2 0.408 0.531 0.562 0.608 0.663 0.713 0.747 0.769 0.797 0.819
1 0 0 1 0 0 3 0.262 0.318 0.267 0.350 0.417 0.494 0.568 0.598 0.597 0.623
1 0 0 1 0 0 4 0.262 0.371 0.421 0.493 0.550 0.613 0.662 0.694 0.747 0.763
1 0 0 1 0 0 5 0.333 0.475 0.522 0.587 0.652 0.714 0.757 0.788 0.813 0.841
1 0 0 1 0 0 6 0.317 0.471 0.520 0.596 0.661 0.720 0.768 0.800 0.828 0.869
1 0 0 1 0 0 7 0.305 0.475 0.563 0.631 0.691 0.746 0.788 0.816 0.855 0.879
1 0 0 1 0 0 8 0.312 0.482 0.571 0.641 0.699 0.747 0.788 0.816 0.847 0.873
1 0 0 1 0 0 9 0.343 0.470 0.540 0.601 0.671 0.721 0.765 0.798 0.819 0.855
1 0 0 1 0 0 10 0.327 0.463 0.516 0.592 0.648 0.709 0.751 0.780 0.814 0.829
1 0 0 1 0 0 11 0.254 0.348 0.415 0.475 0.536 0.594 0.646 0.679 0.703 0.749
1 0 0 1 0 0 12 0.228 0.312 0.273 0.355 0.423 0.484 0.558 0.591 0.576 0.537
1 0 0 1 0 0 13 0.413 0.533 0.515 0.599 0.660 0.710 0.749 0.773 0.787 0.810
1 0 0 1 0 0 14 0.416 0.531 0.555 0.596 0.655 0.694 0.730 0.751 0.777 0.803
1 0 0 1 0 0 15 0.263 0.350 0.396 0.454 0.506 0.554 0.591 0.624 0.664 0.664
## root/tight_electron_2018/egammaEffi.txt_EGM2D_TightID_Selective_QMinus_hsseo_v2.root EGamma_EffData2D
ETA 1 0 16 -1 -2.5 -2.1 -1.8 -1.566 -1.444 -1.1 -0.8 -0.4 0.0 0.4 0.8 1.1 1.444 1.566 1.8 2.1 2.5
PT 1 0 10 -1 10.0 15.0 20.0 25.0 30.0 35.0 40.0 45.0 70.0 100.0 500.0
1 0 0 0 0 1 0 0.296 0.410 0.480 0.530 0.574 0.614 0.641 0.665 0.698 0.654
1 0 0 0 0 1 1 0.391 0.525 0.564 0.617 0.659 0.702 0.731 0.752 0.774 0.773
1 0 0 0 0 1 2 0.401 0.517 0.544 0.594 0.658 0.702 0.740 0.762 0.799 0.775
1 0 0 0 0 1 3 0.294 0.348 0.284 0.342 0.424 0.503 0.567 0.602 0.547 0.612
1 0 0 0 0 1 4 0.235 0.348 0.395 0.459 0.519 0.575 0.621 0.657 0.691 0.728
1 0 0 0 0 1 5 0.297 0.431 0.498 0.559 0.623 0.675 0.716 0.748 0.793 0.828
1 0 0 0 0 1 6 0.301 0.445 0.509 0.569 0.635 0.689 0.730 0.761 0.800 0.841
1 0 0 0 0 1 7 0.335 0.456 0.524 0.585 0.652 0.702 0.740 0.771 0.808 0.848
1 0 0 0 0 1 8 0.327 0.462 0.529 0.595 0.658 0.705 0.746 0.775 0.816 0.862
1 0 0 0 0 1 9 0.297 0.457 0.508 0.565 0.632 0.689 0.732 0.764 0.807 0.852
1 0 0 0 0 1 10 0.308 0.459 0.494 0.553 0.618 0.674 0.716 0.746 0.796 0.827
1 0 0 0 0 1 11 0.259 0.337 0.362 0.443 0.493 0.548 0.597 0.631 0.691 0.726
1 0 0 0 0 1 12 0.240 0.336 0.287 0.356 0.405 0.471 0.541 0.559 0.572 0.643
1 0 0 0 0 1 13 0.397 0.507 0.505 0.566 0.639 0.696 0.735 0.761 0.784 0.786
1 0 0 0 0 1 14 0.427 0.510 0.547 0.599 0.657 0.694 0.724 0.749 0.766 0.753
1 0 0 0 0 1 15 0.318 0.388 0.448 0.521 0.565 0.599 0.631 0.657 0.670 0.646
## root/tight_electron_2018/egammaEffi.txt_EGM2D_TightID_Selective_QMinus_hsseo_v2.root EGamma_EffMC2D
ETA 1 0 16 -1 -2.5 -2.1 -1.8 -1.566 -1.444 -1.1 -0.8 -0.4 0.0 0.4 0.8 1.1 1.444 1.566 1.8 2.1 2.5
PT 1 0 10 -1 10.0 15.0 20.0 25.0 30.0 35.0 40.0 45.0 70.0 100.0 500.0
1 0 0 1 0 1 0 0.266 0.363 0.416 0.465 0.520 0.563 0.597 0.623 0.657 0.675
1 0 0 1 0 1 1 0.400 0.519 0.552 0.603 0.654 0.696 0.728 0.750 0.770 0.797
1 0 0 1 0 1 2 0.410 0.516 0.545 0.611 0.664 0.712 0.747 0.774 0.785 0.803
1 0 0 1 0 1 3 0.246 0.322 0.277 0.342 0.424 0.497 0.571 0.596 0.558 0.639
1 0 0 1 0 1 4 0.237 0.360 0.429 0.492 0.554 0.613 0.664 0.696 0.731 0.757
1 0 0 1 0 1 5 0.323 0.453 0.528 0.592 0.659 0.714 0.756 0.785 0.819 0.848
1 0 0 1 0 1 6 0.315 0.481 0.533 0.606 0.667 0.724 0.770 0.800 0.823 0.852
1 0 0 1 0 1 7 0.308 0.484 0.567 0.639 0.698 0.749 0.789 0.819 0.855 0.874
1 0 0 1 0 1 8 0.304 0.483 0.557 0.629 0.694 0.744 0.786 0.815 0.846 0.872
1 0 0 1 0 1 9 0.301 0.467 0.528 0.602 0.666 0.717 0.767 0.796 0.823 0.853
1 0 0 1 0 1 10 0.327 0.459 0.519 0.580 0.643 0.704 0.753 0.781 0.816 0.848
1 0 0 1 0 1 11 0.231 0.348 0.413 0.470 0.537 0.593 0.645 0.677 0.721 0.745
1 0 0 1 0 1 12 0.260 0.291 0.283 0.349 0.415 0.489 0.558 0.590 0.575 0.527
1 0 0 1 0 1 13 0.414 0.525 0.525 0.590 0.659 0.708 0.752 0.776 0.806 0.768
1 0 0 1 0 1 14 0.419 0.526 0.553 0.597 0.661 0.693 0.731 0.755 0.783 0.787
1 0 0 1 0 1 15 0.273 0.350 0.405 0.449 0.514 0.554 0.594 0.623 0.651 0.690
## root/tight_electron_2018/egammaEffi.txt_EGM2D_Ele32_TightID_Selective_QPlus_hsseo_v2.root EGamma_EffData2D
ETA 1 1 16 -1 -2.5 -2.1 -1.8 -1.566 -1.444 -1.1 -0.8 -0.4 0.0 0.4 0.8 1.1 1.444 1.566 1.8 2.1 2.5
PT 1 1 10 -1 10.0 15.0 20.0 25.0 30.0 35.0 40.0 45.0 70.0 100.0 500.0
1 0 0 0 1 0 0 0.000 0.000 0.000 0.000 0.218 0.801 0.873 0.899 0.930 0.952
1 0 0 0 1 0 1 0.000 0.000 0.000 0.000 0.365 0.869 0.903 0.926 0.957 0.968
1 0 0 0 1 0 2 0.000 0.000 0.000 0.000 0.387 0.833 0.890 0.914 0.945 0.946
1 0 0 0 1 0 3 0.000 0.000 0.000 0.000 0.361 0.787 0.866 0.889 0.917 0.925
1 0 0 0 1 0 4 0.000 0.000 0.000 0.000 0.291 0.811 0.872 0.896 0.938 0.955
1 0 0 0 1 0 5 0.000 0.000 0.000 0.000 0.385 0.872 0.898 0.912 0.943 0.948
1 0 0 0 1 0 6 0.000 0.000 0.000 0.000 0.402 0.863 0.883 0.906 0.944 0.945
1 0 0 0 1 0 7 0.000 0.000 0.000 0.000 0.385 0.853 0.879 0.900 0.933 0.942
1 0 0 0 1 0 8 0.000 0.000 0.000 0.000 0.383 0.841 0.864 0.882 0.912 0.933
1 0 0 0 1 0 9 0.000 0.000 0.000 0.000 0.400 0.855 0.870 0.889 0.917 0.929
1 0 0 0 1 0 10 0.000 0.000 0.000 0.000 0.378 0.860 0.890 0.903 0.932 0.942
1 0 0 0 1 0 11 0.000 0.000 0.000 0.000 0.286 0.796 0.861 0.890 0.936 0.950
1 0 0 0 1 0 12 0.000 0.000 0.000 0.000 0.335 0.777 0.858 0.887 0.940 0.951
1 0 0 0 1 0 13 0.000 0.000 0.000 0.000 0.381 0.830 0.894 0.916 0.941 0.958
1 0 0 0 1 0 14 0.000 0.000 0.000 0.000 0.362 0.859 0.898 0.919 0.946 0.953
1 0 0 0 1 0 15 0.000 0.000 0.000 0.000 0.222 0.780 0.855 0.879 0.938 0.922
## root/tight_electron_2018/egammaEffi.txt_EGM2D_Ele32_TightID_Selective_QPlus_hsseo_v2.root EGamma_EffMC2D
ETA 1 1 16 -1 -2.5 -2.1 -1.8 -1.566 -1.444 -1.1 -0.8 -0.4 0.0 0.4 0.8 1.1 1.444 1.566 1.8 2.1 2.5
PT 1 1 10 -1 10.0 15.0 20.0 25.0 30.0 35.0 40.0 45.0 70.0 100.0 500.0
1 0 0 1 1 0 0 0.000 0.000 0.000 0.000 0.517 0.875 0.892 0.914 0.957 0.967
1 0 0 1 1 0 1 0.000 0.000 0.000 0.000 0.610 0.910 0.925 0.937 0.956 0.982
1 0 0 1 1 0 2 0.000 0.000 0.000 0.000 0.592 0.906 0.930 0.941 0.964 0.961
1 0 0 1 1 0 3 0.000 0.000 0.000 0.000 0.603 0.896 0.910 0.928 0.948 0.966
1 0 0 1 1 0 4 0.000 0.000 0.000 0.000 0.485 0.889 0.907 0.924 0.951 0.972
1 0 0 1 1 0 5 0.000 0.000 0.000 0.000 0.521 0.916 0.931 0.942 0.965 0.967
1 0 0 1 1 0 6 0.000 0.000 0.000 0.000 0.518 0.895 0.909 0.931 0.955 0.964
1 0 0 1 1 0 7 0.000 0.000 0.000 0.000 0.498 0.892 0.907 0.931 0.955 0.968
1 0 0 1 1 0 8 0.000 0.000 0.000 0.000 0.495 0.891 0.906 0.926 0.949 0.960
1 0 0 1 1 0 9 0.000 0.000 0.000 0.000 0.517 0.897 0.909 0.932 0.951 0.960
1 0 0 1 1 0 10 0.000 0.000 0.000 0.000 0.518 0.912 0.925 0.937 0.960 0.975
1 0 0 1 1 0 11 0.000 0.000 0.000 0.000 0.472 0.880 0.900 0.918 0.952 0.971
1 0 0 1 1 0 12 0.000 0.000 0.000 0.000 0.572 0.891 0.904 0.924 0.940 0.979
1 0 0 1 1 0 13 0.000 0.000 0.000 0.000 0.566 0.909 0.931 0.942 0.964 0.971
1 0 0 1 1 0 14 0.000 0.000 0.000 0.000 0.599 0.907 0.925 0.932 0.961 0.966
1 0 0 1 1 0 15 0.000 0.000 0.000 0.000 0.505 0.850 0.875 0.902 0.921 0.940
## root/tight_electron_2018/egammaEffi.txt_EGM2D_Ele32_TightID_Selective_QMinus_hsseo_v2.root EGamma_EffData2D
ETA 1 1 16 -1 -2.5 -2.1 -1.8 -1.566 -1.444 -1.1 -0.8 -0.4 0.0 0.4 0.8 1.1 1.444 1.566 1.8 2.1 2.5
PT 1 1 10 -1 10.0 15.0 20.0 25.0 30.0 35.0 40.0 45.0 70.0 100.0 500.0
1 0 0 0 1 1 0 0.000 0.000 0.000 0.000 0.212 0.794 0.872 0.898 0.932 0.944
1 0 0 0 1 1 1 0.000 0.000 0.000 0.000 0.365 0.870 0.904 0.922 0.957 0.964
1 0 0 0 1 1 2 0.000 0.000 0.000 0.000 0.384 0.832 0.888 0.910 0.927 0.942
1 0 0 0 1 1 3 0.000 0.000 0.000 0.000 0.351 0.783 0.869 0.889 0.930 0.936
1 0 0 0 1 1 4 0.000 0.000 0.000 0.000 0.290 0.813 0.872 0.898 0.938 0.950
1 0 0 0 1 1 5 0.000 0.000 0.000 0.000 0.389 0.876 0.901 0.914 0.946 0.954
1 0 0 0 1 1 6 0.000 0.000 0.000 0.000 0.402 0.867 0.888 0.909 0.941 0.947
1 0 0 0 1 1 7 0.000 0.000 0.000 0.000 0.388 0.857 0.883 0.904 0.935 0.945
1 0 0 0 1 1 8 0.000 0.000 0.000 0.000 0.381 0.834 0.857 0.880 0.911 0.918
1 0 0 0 1 1 9 0.000 0.000 0.000 0.000 0.401 0.850 0.867 0.888 0.920 0.929
1 0 0 0 1 1 10 0.000 0.000 0.000 0.000 0.380 0.859 0.888 0.902 0.929 0.945
1 0 0 0 1 1 11 0.000 0.000 0.000 0.000 0.287 0.796 0.860 0.886 0.933 0.943
1 0 0 0 1 1 12 0.000 0.000 0.000 0.000 0.330 0.779 0.855 0.883 0.900 0.948
1 0 0 0 1 1 13 0.000 0.000 0.000 0.000 0.385 0.833 0.894 0.916 0.928 0.943
1 0 0 0 1 1 14 0.000 0.000 0.000 0.000 0.363 0.859 0.899 0.920 0.947 0.961
1 0 0 0 1 1 15 0.000 0.000 0.000 0.000 0.219 0.774 0.852 0.883 0.921 0.921
## root/tight_electron_2018/egammaEffi.txt_EGM2D_Ele32_TightID_Selective_QMinus_hsseo_v2.root EGamma_EffMC2D
ETA 1 1 16 -1 -2.5 -2.1 -1.8 -1.566 -1.444 -1.1 -0.8 -0.4 0.0 0.4 0.8 1.1 1.444 1.566 1.8 2.1 2.5
PT 1 1 10 -1 10.0 15.0 20.0 25.0 30.0 35.0 40.0 45.0 70.0 100.0 500.0
1 0 0 1 1 1 0 0.000 0.000 0.000 0.000 0.525 0.871 0.892 0.913 0.950 0.958
1 0 0 1 1 1 1 0.000 0.000 0.000 0.000 0.612 0.908 0.924 0.937 0.959 0.973
1 0 0 1 1 1 2 0.000 0.000 0.000 0.000 0.586 0.909 0.929 0.945 0.961 0.969
1 0 0 1 1 1 3 0.000 0.000 0.000 0.000 0.593 0.899 0.913 0.925 0.944 0.961
1 0 0 1 1 1 4 0.000 0.000 0.000 0.000 0.473 0.893 0.908 0.924 0.959 0.970
1 0 0 1 1 1 5 0.000 0.000 0.000 0.000 0.530 0.916 0.932 0.941 0.966 0.971
1 0 0 1 1 1 6 0.000 0.000 0.000 0.000 0.515 0.900 0.913 0.933 0.958 0.956
1 0 0 1 1 1 7 0.000 0.000 0.000 0.000 0.497 0.899 0.914 0.934 0.959 0.965
1 0 0 1 1 1 8 0.000 0.000 0.000 0.000 0.491 0.884 0.900 0.923 0.945 0.959
1 0 0 1 1 1 9 0.000 0.000 0.000 0.000 0.511 0.894 0.905 0.930 0.950 0.956
1 0 0 1 1 1 10 0.000 0.000 0.000 0.000 0.522 0.912 0.923 0.937 0.962 0.966
1 0 0 1 1 1 11 0.000 0.000 0.000 0.000 0.465 0.882 0.900 0.914 0.953 0.979
1 0 0 1 1 1 12 0.000 0.000 0.000 0.000 0.580 0.886 0.901 0.925 0.939 0.951
1 0 0 1 1 1 13 0.000 0.000 0.000 0.000 0.572 0.905 0.931 0.942 0.957 0.971
1 0 0 1 1 1 14 0.000 0.000 0.000 0.000 0.593 0.909 0.924 0.934 0.957 0.980
1 0 0 1 1 1 15 0.000 0.000 0.000 0.000 0.500 0.854 0.874 0.897 0.921 0.949
