## root/tight_electron_2016/egammaEffi.txt_EGM2D_TightID_Selective_QPlus_hsseo_v2.root EGamma_EffData2D
ETA 1 0 16 -1 -2.5 -2.1 -1.8 -1.566 -1.444 -1.1 -0.8 -0.4 0.0 0.4 0.8 1.1 1.444 1.566 1.8 2.1 2.5
PT 1 0 10 -1 10.0 15.0 20.0 25.0 30.0 35.0 40.0 45.0 70.0 100.0 500.0
1 0 0 0 0 0 0 0.318 0.383 0.401 0.455 0.490 0.524 0.559 0.583 0.604 0.647
1 0 0 0 0 0 1 0.375 0.469 0.501 0.534 0.592 0.625 0.658 0.682 0.694 0.718
1 0 0 0 0 0 2 0.382 0.456 0.488 0.540 0.586 0.639 0.669 0.694 0.711 0.716
1 0 0 0 0 0 3 0.275 0.298 0.252 0.331 0.391 0.443 0.503 0.536 0.517 0.623
1 0 0 0 0 0 4 0.276 0.357 0.395 0.458 0.521 0.565 0.609 0.644 0.682 0.725
1 0 0 0 0 0 5 0.366 0.468 0.490 0.549 0.604 0.653 0.694 0.723 0.767 0.830
1 0 0 0 0 0 6 0.372 0.461 0.506 0.553 0.616 0.660 0.698 0.727 0.769 0.813
1 0 0 0 0 0 7 0.377 0.446 0.521 0.569 0.628 0.666 0.704 0.728 0.755 0.818
1 0 0 0 0 0 8 0.365 0.470 0.538 0.589 0.637 0.683 0.720 0.743 0.780 0.833
1 0 0 0 0 0 9 0.359 0.491 0.520 0.576 0.631 0.667 0.708 0.739 0.769 0.816
1 0 0 0 0 0 10 0.362 0.456 0.498 0.572 0.614 0.662 0.703 0.733 0.773 0.787
1 0 0 0 0 0 11 0.274 0.357 0.395 0.455 0.511 0.554 0.601 0.636 0.676 0.698
1 0 0 0 0 0 12 0.280 0.323 0.254 0.310 0.380 0.439 0.487 0.522 0.516 0.564
1 0 0 0 0 0 13 0.344 0.423 0.458 0.516 0.585 0.631 0.679 0.704 0.716 0.761
1 0 0 0 0 0 14 0.399 0.466 0.488 0.541 0.588 0.629 0.662 0.691 0.693 0.735
1 0 0 0 0 0 15 0.316 0.381 0.400 0.444 0.488 0.522 0.545 0.572 0.636 0.641
## root/tight_electron_2016/egammaEffi.txt_EGM2D_TightID_Selective_QPlus_hsseo_v2.root EGamma_EffMC2D
ETA 1 0 16 -1 -2.5 -2.1 -1.8 -1.566 -1.444 -1.1 -0.8 -0.4 0.0 0.4 0.8 1.1 1.444 1.566 1.8 2.1 2.5
PT 1 0 10 -1 10.0 15.0 20.0 25.0 30.0 35.0 40.0 45.0 70.0 100.0 500.0
1 0 0 1 0 0 0 0.324 0.432 0.419 0.456 0.496 0.540 0.564 0.596 0.642 0.659
1 0 0 1 0 0 1 0.450 0.522 0.529 0.592 0.630 0.670 0.704 0.728 0.764 0.718
1 0 0 1 0 0 2 0.413 0.480 0.519 0.569 0.621 0.661 0.696 0.721 0.734 0.768
1 0 0 1 0 0 3 0.217 0.330 0.262 0.343 0.398 0.463 0.540 0.572 0.548 0.581
1 0 0 1 0 0 4 0.301 0.377 0.435 0.497 0.548 0.594 0.647 0.683 0.715 0.767
1 0 0 1 0 0 5 0.379 0.458 0.527 0.582 0.635 0.683 0.728 0.757 0.784 0.834
1 0 0 1 0 0 6 0.404 0.492 0.537 0.584 0.648 0.690 0.738 0.771 0.803 0.849
1 0 0 1 0 0 7 0.368 0.510 0.564 0.612 0.671 0.714 0.756 0.785 0.831 0.850
1 0 0 1 0 0 8 0.381 0.489 0.553 0.614 0.669 0.708 0.747 0.774 0.803 0.850
1 0 0 1 0 0 9 0.423 0.495 0.537 0.582 0.638 0.688 0.724 0.756 0.792 0.824
1 0 0 1 0 0 10 0.384 0.494 0.528 0.583 0.638 0.682 0.722 0.749 0.779 0.812
1 0 0 1 0 0 11 0.308 0.398 0.419 0.493 0.549 0.597 0.645 0.681 0.687 0.748
1 0 0 1 0 0 12 0.248 0.347 0.258 0.343 0.403 0.471 0.542 0.564 0.525 0.600
1 0 0 1 0 0 13 0.414 0.501 0.501 0.569 0.630 0.671 0.712 0.736 0.771 0.799
1 0 0 1 0 0 14 0.460 0.548 0.551 0.602 0.646 0.673 0.711 0.732 0.748 0.762
1 0 0 1 0 0 15 0.367 0.445 0.449 0.490 0.540 0.569 0.605 0.630 0.658 0.693
## root/tight_electron_2016/egammaEffi.txt_EGM2D_TightID_Selective_QMinus_hsseo_v2.root EGamma_EffData2D
ETA 1 0 16 -1 -2.5 -2.1 -1.8 -1.566 -1.444 -1.1 -0.8 -0.4 0.0 0.4 0.8 1.1 1.444 1.566 1.8 2.1 2.5
PT 1 0 10 -1 10.0 15.0 20.0 25.0 30.0 35.0 40.0 45.0 70.0 100.0 500.0
1 0 0 0 0 1 0 0.336 0.385 0.414 0.454 0.491 0.528 0.557 0.576 0.616 0.644
1 0 0 0 0 1 1 0.354 0.462 0.500 0.549 0.587 0.623 0.659 0.685 0.717 0.727
1 0 0 0 0 1 2 0.343 0.464 0.487 0.539 0.590 0.628 0.665 0.694 0.704 0.750
1 0 0 0 0 1 3 0.278 0.295 0.253 0.329 0.384 0.454 0.512 0.538 0.547 0.564
1 0 0 0 0 1 4 0.288 0.370 0.397 0.464 0.521 0.564 0.609 0.644 0.679 0.722
1 0 0 0 0 1 5 0.361 0.480 0.501 0.556 0.610 0.652 0.695 0.723 0.767 0.796
1 0 0 0 0 1 6 0.379 0.440 0.511 0.564 0.616 0.660 0.698 0.727 0.765 0.814
1 0 0 0 0 1 7 0.364 0.465 0.509 0.577 0.630 0.670 0.703 0.729 0.765 0.817
1 0 0 0 0 1 8 0.332 0.464 0.524 0.584 0.632 0.679 0.717 0.741 0.777 0.833
1 0 0 0 0 1 9 0.393 0.473 0.532 0.574 0.624 0.664 0.707 0.736 0.772 0.828
1 0 0 0 0 1 10 0.384 0.461 0.508 0.560 0.611 0.658 0.699 0.731 0.779 0.805
1 0 0 0 0 1 11 0.281 0.354 0.397 0.446 0.502 0.551 0.598 0.631 0.666 0.729
1 0 0 0 0 1 12 0.233 0.338 0.244 0.296 0.373 0.438 0.494 0.520 0.516 0.571
1 0 0 0 0 1 13 0.369 0.448 0.464 0.526 0.587 0.636 0.675 0.704 0.729 0.737
1 0 0 0 0 1 14 0.382 0.456 0.491 0.540 0.592 0.625 0.664 0.686 0.705 0.736
1 0 0 0 0 1 15 0.315 0.383 0.417 0.445 0.487 0.526 0.546 0.575 0.595 0.628
## root/tight_electron_2016/egammaEffi.txt_EGM2D_TightID_Selective_QMinus_hsseo_v2.root EGamma_EffMC2D
ETA 1 0 16 -1 -2.5 -2.1 -1.8 -1.566 -1.444 -1.1 -0.8 -0.4 0.0 0.4 0.8 1.1 1.444 1.566 1.8 2.1 2.5
PT 1 0 10 -1 10.0 15.0 20.0 25.0 30.0 35.0 40.0 45.0 70.0 100.0 500.0
1 0 0 1 0 1 0 0.319 0.408 0.426 0.457 0.501 0.530 0.573 0.597 0.614 0.649
1 0 0 1 0 1 1 0.413 0.506 0.540 0.582 0.634 0.669 0.698 0.729 0.748 0.769
1 0 0 1 0 1 2 0.445 0.474 0.527 0.573 0.616 0.660 0.697 0.722 0.745 0.757
1 0 0 1 0 1 3 0.279 0.313 0.246 0.347 0.413 0.464 0.540 0.566 0.542 0.588
1 0 0 1 0 1 4 0.274 0.405 0.440 0.501 0.553 0.603 0.645 0.681 0.725 0.742
1 0 0 1 0 1 5 0.392 0.491 0.532 0.589 0.639 0.684 0.729 0.759 0.780 0.829
1 0 0 1 0 1 6 0.410 0.499 0.524 0.590 0.657 0.697 0.735 0.771 0.801 0.841
1 0 0 1 0 1 7 0.356 0.491 0.555 0.617 0.672 0.714 0.755 0.782 0.814 0.860
1 0 0 1 0 1 8 0.374 0.495 0.549 0.609 0.656 0.706 0.745 0.774 0.812 0.851
1 0 0 1 0 1 9 0.363 0.488 0.527 0.583 0.636 0.682 0.721 0.754 0.794 0.818
1 0 0 1 0 1 10 0.413 0.490 0.521 0.584 0.637 0.679 0.722 0.753 0.779 0.819
1 0 0 1 0 1 11 0.293 0.391 0.427 0.494 0.547 0.597 0.650 0.682 0.698 0.744
1 0 0 1 0 1 12 0.262 0.322 0.269 0.345 0.418 0.457 0.539 0.566 0.529 0.506
1 0 0 1 0 1 13 0.383 0.474 0.509 0.564 0.633 0.672 0.710 0.738 0.761 0.778
1 0 0 1 0 1 14 0.425 0.515 0.535 0.604 0.644 0.677 0.707 0.736 0.735 0.744
1 0 0 1 0 1 15 0.373 0.466 0.457 0.495 0.535 0.575 0.609 0.627 0.631 0.627
## root/tight_electron_2016/egammaEffi.txt_EGM2D_Ele27_TightID_Selective_QPlus_hsseo_v2.root EGamma_EffData2D
ETA 1 1 16 -1 -2.5 -2.1 -1.8 -1.566 -1.444 -1.1 -0.8 -0.4 0.0 0.4 0.8 1.1 1.444 1.566 1.8 2.1 2.5
PT 1 1 10 -1 10.0 15.0 20.0 25.0 30.0 35.0 40.0 45.0 70.0 100.0 500.0
1 0 0 0 1 0 0 0.000 0.000 0.000 0.191 0.541 0.633 0.681 0.727 0.814 0.850
1 0 0 0 1 0 1 0.000 0.000 0.000 0.318 0.632 0.716 0.767 0.802 0.861 0.885
1 0 0 0 1 0 2 0.000 0.000 0.000 0.341 0.621 0.714 0.769 0.813 0.851 0.869
1 0 0 0 1 0 3 0.000 0.000 0.000 0.348 0.673 0.754 0.806 0.847 0.881 0.878
1 0 0 0 1 0 4 0.000 0.000 0.000 0.355 0.742 0.830 0.873 0.905 0.953 0.960
1 0 0 0 1 0 5 0.000 0.000 0.000 0.446 0.803 0.862 0.894 0.913 0.951 0.954
1 0 0 0 1 0 6 0.000 0.000 0.000 0.436 0.779 0.838 0.875 0.903 0.942 0.947
1 0 0 0 1 0 7 0.000 0.000 0.000 0.383 0.701 0.772 0.822 0.860 0.924 0.946
1 0 0 0 1 0 8 0.000 0.000 0.000 0.385 0.707 0.772 0.819 0.856 0.918 0.940
1 0 0 0 1 0 9 0.000 0.000 0.000 0.448 0.782 0.839 0.873 0.899 0.933 0.949
1 0 0 0 1 0 10 0.000 0.000 0.000 0.433 0.809 0.866 0.895 0.917 0.952 0.962
1 0 0 0 1 0 11 0.000 0.000 0.000 0.341 0.745 0.834 0.874 0.908 0.952 0.963
1 0 0 0 1 0 12 0.000 0.000 0.000 0.300 0.646 0.749 0.813 0.841 0.879 0.881
1 0 0 0 1 0 13 0.000 0.000 0.000 0.300 0.615 0.717 0.771 0.812 0.850 0.867
1 0 0 0 1 0 14 0.000 0.000 0.000 0.276 0.632 0.723 0.769 0.806 0.855 0.882
1 0 0 0 1 0 15 0.000 0.000 0.000 0.171 0.525 0.640 0.690 0.742 0.846 0.855
## root/tight_electron_2016/egammaEffi.txt_EGM2D_Ele27_TightID_Selective_QPlus_hsseo_v2.root EGamma_EffMC2D
ETA 1 1 16 -1 -2.5 -2.1 -1.8 -1.566 -1.444 -1.1 -0.8 -0.4 0.0 0.4 0.8 1.1 1.444 1.566 1.8 2.1 2.5
PT 1 1 10 -1 10.0 15.0 20.0 25.0 30.0 35.0 40.0 45.0 70.0 100.0 500.0
1 0 0 1 1 0 0 0.000 0.000 0.000 0.371 0.581 0.650 0.711 0.762 0.877 0.912
1 0 0 1 1 0 1 0.000 0.000 0.000 0.454 0.704 0.783 0.825 0.852 0.910 0.952
1 0 0 1 1 0 2 0.000 0.000 0.000 0.442 0.713 0.793 0.838 0.863 0.906 0.913
1 0 0 1 1 0 3 0.000 0.000 0.000 0.468 0.726 0.791 0.826 0.858 0.894 0.923
1 0 0 1 1 0 4 0.000 0.000 0.000 0.479 0.819 0.867 0.897 0.923 0.954 0.977
1 0 0 1 1 0 5 0.000 0.000 0.000 0.483 0.830 0.865 0.892 0.914 0.953 0.978
1 0 0 1 1 0 6 0.000 0.000 0.000 0.481 0.795 0.835 0.862 0.896 0.952 0.961
1 0 0 1 1 0 7 0.000 0.000 0.000 0.460 0.749 0.792 0.825 0.864 0.927 0.949
1 0 0 1 1 0 8 0.000 0.000 0.000 0.486 0.763 0.806 0.830 0.867 0.935 0.958
1 0 0 1 1 0 9 0.000 0.000 0.000 0.509 0.808 0.845 0.870 0.901 0.944 0.968
1 0 0 1 1 0 10 0.000 0.000 0.000 0.511 0.837 0.875 0.892 0.919 0.961 0.971
1 0 0 1 1 0 11 0.000 0.000 0.000 0.494 0.832 0.873 0.901 0.926 0.957 0.977
1 0 0 1 1 0 12 0.000 0.000 0.000 0.486 0.730 0.786 0.817 0.852 0.891 0.901
1 0 0 1 1 0 13 0.000 0.000 0.000 0.440 0.711 0.788 0.836 0.861 0.921 0.929
1 0 0 1 1 0 14 0.000 0.000 0.000 0.478 0.725 0.794 0.828 0.867 0.912 0.944
1 0 0 1 1 0 15 0.000 0.000 0.000 0.431 0.637 0.701 0.748 0.795 0.884 0.909
## root/tight_electron_2016/egammaEffi.txt_EGM2D_Ele27_TightID_Selective_QMinus_hsseo_v2.root EGamma_EffData2D
ETA 1 1 16 -1 -2.5 -2.1 -1.8 -1.566 -1.444 -1.1 -0.8 -0.4 0.0 0.4 0.8 1.1 1.444 1.566 1.8 2.1 2.5
PT 1 1 10 -1 10.0 15.0 20.0 25.0 30.0 35.0 40.0 45.0 70.0 100.0 500.0
1 0 0 0 1 1 0 0.000 0.000 0.000 0.194 0.541 0.628 0.681 0.725 0.798 0.851
1 0 0 0 1 1 1 0.000 0.000 0.000 0.322 0.639 0.722 0.766 0.805 0.841 0.873
1 0 0 0 1 1 2 0.000 0.000 0.000 0.344 0.627 0.723 0.777 0.814 0.866 0.862
1 0 0 0 1 1 3 0.000 0.000 0.000 0.370 0.688 0.768 0.821 0.852 0.887 0.872
1 0 0 0 1 1 4 0.000 0.000 0.000 0.347 0.745 0.829 0.875 0.906 0.943 0.958
1 0 0 0 1 1 5 0.000 0.000 0.000 0.444 0.806 0.864 0.893 0.914 0.946 0.954
1 0 0 0 1 1 6 0.000 0.000 0.000 0.441 0.779 0.841 0.870 0.903 0.942 0.950
1 0 0 0 1 1 7 0.000 0.000 0.000 0.381 0.706 0.777 0.822 0.860 0.931 0.948
1 0 0 0 1 1 8 0.000 0.000 0.000 0.388 0.699 0.770 0.817 0.855 0.918 0.935
1 0 0 0 1 1 9 0.000 0.000 0.000 0.439 0.783 0.839 0.871 0.898 0.940 0.952
1 0 0 0 1 1 10 0.000 0.000 0.000 0.430 0.805 0.865 0.896 0.917 0.950 0.963
1 0 0 0 1 1 11 0.000 0.000 0.000 0.344 0.744 0.833 0.874 0.910 0.949 0.968
1 0 0 0 1 1 12 0.000 0.000 0.000 0.350 0.666 0.763 0.812 0.847 0.879 0.857
1 0 0 0 1 1 13 0.000 0.000 0.000 0.315 0.632 0.728 0.782 0.821 0.857 0.878
1 0 0 0 1 1 14 0.000 0.000 0.000 0.292 0.634 0.726 0.774 0.804 0.843 0.871
1 0 0 0 1 1 15 0.000 0.000 0.000 0.173 0.527 0.632 0.696 0.742 0.835 0.866
## root/tight_electron_2016/egammaEffi.txt_EGM2D_Ele27_TightID_Selective_QMinus_hsseo_v2.root EGamma_EffMC2D
ETA 1 1 16 -1 -2.5 -2.1 -1.8 -1.566 -1.444 -1.1 -0.8 -0.4 0.0 0.4 0.8 1.1 1.444 1.566 1.8 2.1 2.5
PT 1 1 10 -1 10.0 15.0 20.0 25.0 30.0 35.0 40.0 45.0 70.0 100.0 500.0
1 0 0 1 1 1 0 0.000 0.000 0.000 0.381 0.588 0.659 0.712 0.770 0.872 0.923
1 0 0 1 1 1 1 0.000 0.000 0.000 0.460 0.712 0.782 0.814 0.856 0.925 0.926
1 0 0 1 1 1 2 0.000 0.000 0.000 0.448 0.727 0.798 0.836 0.867 0.913 0.924
1 0 0 1 1 1 3 0.000 0.000 0.000 0.471 0.758 0.797 0.832 0.861 0.891 0.921
1 0 0 1 1 1 4 0.000 0.000 0.000 0.474 0.820 0.873 0.898 0.923 0.959 0.968
1 0 0 1 1 1 5 0.000 0.000 0.000 0.492 0.837 0.873 0.894 0.917 0.962 0.963
1 0 0 1 1 1 6 0.000 0.000 0.000 0.487 0.803 0.841 0.866 0.897 0.948 0.964
1 0 0 1 1 1 7 0.000 0.000 0.000 0.477 0.760 0.797 0.830 0.868 0.931 0.955
1 0 0 1 1 1 8 0.000 0.000 0.000 0.477 0.753 0.796 0.824 0.866 0.934 0.960
1 0 0 1 1 1 9 0.000 0.000 0.000 0.508 0.805 0.839 0.865 0.899 0.948 0.968
1 0 0 1 1 1 10 0.000 0.000 0.000 0.513 0.834 0.873 0.893 0.916 0.967 0.973
1 0 0 1 1 1 11 0.000 0.000 0.000 0.494 0.825 0.877 0.900 0.927 0.951 0.973
1 0 0 1 1 1 12 0.000 0.000 0.000 0.456 0.739 0.807 0.834 0.860 0.865 0.921
1 0 0 1 1 1 13 0.000 0.000 0.000 0.442 0.738 0.799 0.835 0.866 0.913 0.923
1 0 0 1 1 1 14 0.000 0.000 0.000 0.478 0.735 0.802 0.833 0.866 0.930 0.940
1 0 0 1 1 1 15 0.000 0.000 0.000 0.431 0.632 0.695 0.751 0.801 0.896 0.902
