## root/tight_electron_UL2018/egammaEffi.txt_EGM2D_TightID_Selective_QPlus_hsseo_v2.root EGamma_EffData2D
ETA 1 0 16 -1 -2.5 -2.1 -1.8 -1.566 -1.444 -1.1 -0.8 -0.4 0.0 0.4 0.8 1.1 1.444 1.566 1.8 2.1 2.5
PT 1 0 10 -1 10.0 15.0 20.0 25.0 30.0 35.0 40.0 45.0 70.0 100.0 500.0
1 0 0 0 0 0 0 0.317 0.395 0.448 0.495 0.537 0.580 0.612 0.640 0.668 0.666
1 0 0 0 0 0 1 0.444 0.522 0.545 0.608 0.653 0.689 0.724 0.744 0.747 0.769
1 0 0 0 0 0 2 0.424 0.533 0.565 0.611 0.662 0.707 0.740 0.764 0.770 0.791
1 0 0 0 0 0 3 0.288 0.308 0.270 0.340 0.429 0.498 0.568 0.598 0.562 0.583
1 0 0 0 0 0 4 0.263 0.351 0.389 0.458 0.518 0.573 0.622 0.652 0.695 0.735
1 0 0 0 0 0 5 0.316 0.451 0.497 0.567 0.626 0.683 0.725 0.752 0.802 0.840
1 0 0 0 0 0 6 0.315 0.468 0.516 0.575 0.636 0.692 0.734 0.762 0.797 0.834
1 0 0 0 0 0 7 0.312 0.463 0.536 0.600 0.653 0.706 0.750 0.775 0.815 0.854
1 0 0 0 0 0 8 0.297 0.480 0.557 0.615 0.663 0.713 0.752 0.775 0.813 0.852
1 0 0 0 0 0 9 0.328 0.466 0.525 0.587 0.644 0.695 0.735 0.765 0.786 0.834
1 0 0 0 0 0 10 0.324 0.453 0.497 0.568 0.631 0.683 0.724 0.749 0.791 0.822
1 0 0 0 0 0 11 0.245 0.342 0.384 0.444 0.504 0.555 0.600 0.633 0.685 0.715
1 0 0 0 0 0 12 0.298 0.291 0.241 0.329 0.408 0.479 0.541 0.575 0.601 0.650
1 0 0 0 0 0 13 0.436 0.521 0.503 0.574 0.648 0.703 0.735 0.763 0.783 0.790
1 0 0 0 0 0 14 0.420 0.516 0.542 0.589 0.640 0.682 0.714 0.739 0.765 0.761
1 0 0 0 0 0 15 0.275 0.393 0.427 0.480 0.526 0.554 0.598 0.626 0.648 0.624
## root/tight_electron_UL2018/egammaEffi.txt_EGM2D_TightID_Selective_QPlus_hsseo_v2.root EGamma_EffMC2D
ETA 1 0 16 -1 -2.5 -2.1 -1.8 -1.566 -1.444 -1.1 -0.8 -0.4 0.0 0.4 0.8 1.1 1.444 1.566 1.8 2.1 2.5
PT 1 0 10 -1 10.0 15.0 20.0 25.0 30.0 35.0 40.0 45.0 70.0 100.0 500.0
1 0 0 1 0 0 0 0.298 0.414 0.461 0.511 0.563 0.603 0.640 0.665 0.675 0.705
1 0 0 1 0 0 1 0.460 0.568 0.596 0.640 0.689 0.729 0.760 0.781 0.783 0.817
1 0 0 1 0 0 2 0.445 0.536 0.581 0.637 0.687 0.733 0.767 0.787 0.801 0.799
1 0 0 1 0 0 3 0.275 0.352 0.314 0.363 0.434 0.508 0.581 0.603 0.571 0.592
1 0 0 1 0 0 4 0.236 0.418 0.422 0.515 0.567 0.628 0.679 0.711 0.749 0.768
1 0 0 1 0 0 5 0.347 0.464 0.535 0.610 0.662 0.721 0.767 0.797 0.825 0.856
1 0 0 1 0 0 6 0.322 0.487 0.545 0.607 0.671 0.726 0.770 0.801 0.832 0.854
1 0 0 1 0 0 7 0.291 0.474 0.570 0.635 0.694 0.745 0.789 0.814 0.846 0.878
1 0 0 1 0 0 8 0.320 0.494 0.580 0.642 0.699 0.749 0.789 0.815 0.842 0.870
1 0 0 1 0 0 9 0.327 0.490 0.555 0.617 0.672 0.723 0.772 0.797 0.831 0.854
1 0 0 1 0 0 10 0.341 0.466 0.536 0.601 0.656 0.717 0.760 0.786 0.822 0.854
1 0 0 1 0 0 11 0.241 0.371 0.426 0.490 0.554 0.607 0.658 0.689 0.729 0.737
1 0 0 1 0 0 12 0.266 0.375 0.312 0.357 0.438 0.506 0.569 0.588 0.521 0.536
1 0 0 1 0 0 13 0.441 0.555 0.549 0.623 0.675 0.722 0.765 0.785 0.820 0.787
1 0 0 1 0 0 14 0.461 0.568 0.583 0.647 0.688 0.726 0.756 0.777 0.795 0.783
1 0 0 1 0 0 15 0.324 0.410 0.455 0.507 0.549 0.597 0.631 0.661 0.699 0.665
## root/tight_electron_UL2018/egammaEffi.txt_EGM2D_TightID_Selective_QMinus_hsseo_v2.root EGamma_EffData2D
ETA 1 0 16 -1 -2.5 -2.1 -1.8 -1.566 -1.444 -1.1 -0.8 -0.4 0.0 0.4 0.8 1.1 1.444 1.566 1.8 2.1 2.5
PT 1 0 10 -1 10.0 15.0 20.0 25.0 30.0 35.0 40.0 45.0 70.0 100.0 500.0
1 0 0 0 0 1 0 0.309 0.396 0.440 0.492 0.540 0.578 0.611 0.639 0.673 0.672
1 0 0 0 0 1 1 0.423 0.508 0.563 0.603 0.652 0.692 0.724 0.744 0.771 0.755
1 0 0 0 0 1 2 0.419 0.528 0.539 0.596 0.661 0.701 0.742 0.766 0.785 0.782
1 0 0 0 0 1 3 0.278 0.374 0.278 0.343 0.427 0.501 0.569 0.596 0.571 0.643
1 0 0 0 0 1 4 0.246 0.343 0.400 0.459 0.522 0.575 0.621 0.652 0.696 0.737
1 0 0 0 0 1 5 0.306 0.455 0.506 0.564 0.633 0.687 0.728 0.753 0.807 0.833
1 0 0 0 0 1 6 0.334 0.463 0.522 0.575 0.644 0.693 0.737 0.763 0.806 0.836
1 0 0 0 0 1 7 0.319 0.481 0.533 0.602 0.661 0.712 0.751 0.776 0.810 0.853
1 0 0 0 0 1 8 0.297 0.477 0.542 0.605 0.662 0.709 0.750 0.778 0.816 0.864
1 0 0 0 0 1 9 0.315 0.463 0.520 0.582 0.640 0.694 0.735 0.764 0.796 0.849
1 0 0 0 0 1 10 0.311 0.466 0.499 0.563 0.629 0.679 0.723 0.750 0.790 0.834
1 0 0 0 0 1 11 0.256 0.334 0.385 0.444 0.504 0.553 0.598 0.634 0.687 0.752
1 0 0 0 0 1 12 0.276 0.328 0.276 0.346 0.414 0.478 0.543 0.565 0.552 0.654
1 0 0 0 0 1 13 0.432 0.530 0.510 0.587 0.647 0.696 0.734 0.758 0.758 0.783
1 0 0 0 0 1 14 0.455 0.517 0.545 0.595 0.639 0.679 0.712 0.734 0.739 0.729
1 0 0 0 0 1 15 0.300 0.380 0.428 0.476 0.525 0.560 0.593 0.618 0.660 0.644
## root/tight_electron_UL2018/egammaEffi.txt_EGM2D_TightID_Selective_QMinus_hsseo_v2.root EGamma_EffMC2D
ETA 1 0 16 -1 -2.5 -2.1 -1.8 -1.566 -1.444 -1.1 -0.8 -0.4 0.0 0.4 0.8 1.1 1.444 1.566 1.8 2.1 2.5
PT 1 0 10 -1 10.0 15.0 20.0 25.0 30.0 35.0 40.0 45.0 70.0 100.0 500.0
1 0 0 1 0 1 0 0.301 0.401 0.472 0.512 0.562 0.599 0.635 0.667 0.691 0.703
1 0 0 1 0 1 1 0.463 0.578 0.583 0.650 0.692 0.735 0.764 0.783 0.807 0.795
1 0 0 1 0 1 2 0.435 0.564 0.561 0.646 0.696 0.731 0.768 0.789 0.789 0.790
1 0 0 1 0 1 3 0.245 0.329 0.305 0.372 0.441 0.513 0.583 0.597 0.566 0.564
1 0 0 1 0 1 4 0.265 0.399 0.432 0.518 0.577 0.635 0.684 0.712 0.729 0.769
1 0 0 1 0 1 5 0.351 0.478 0.544 0.608 0.668 0.727 0.771 0.796 0.832 0.848
1 0 0 1 0 1 6 0.342 0.478 0.550 0.615 0.677 0.727 0.772 0.802 0.829 0.858
1 0 0 1 0 1 7 0.315 0.468 0.570 0.643 0.699 0.751 0.791 0.817 0.841 0.881
1 0 0 1 0 1 8 0.326 0.479 0.569 0.638 0.694 0.747 0.786 0.814 0.847 0.890
1 0 0 1 0 1 9 0.340 0.478 0.549 0.609 0.668 0.723 0.769 0.797 0.826 0.849
1 0 0 1 0 1 10 0.306 0.453 0.546 0.601 0.659 0.712 0.759 0.784 0.813 0.859
1 0 0 1 0 1 11 0.251 0.358 0.429 0.494 0.551 0.605 0.658 0.690 0.722 0.779
1 0 0 1 0 1 12 0.260 0.353 0.285 0.360 0.435 0.496 0.569 0.588 0.556 0.598
1 0 0 1 0 1 13 0.447 0.550 0.550 0.623 0.687 0.726 0.764 0.786 0.795 0.788
1 0 0 1 0 1 14 0.453 0.567 0.580 0.641 0.685 0.727 0.758 0.783 0.791 0.796
1 0 0 1 0 1 15 0.307 0.417 0.450 0.510 0.555 0.593 0.632 0.658 0.682 0.680
## root/tight_electron_UL2018/egammaEffi.txt_EGM2D_Ele32_TightID_Selective_QPlus_hsseo_v2.root EGamma_EffData2D
ETA 1 1 16 -1 -2.5 -2.1 -1.8 -1.566 -1.444 -1.1 -0.8 -0.4 0.0 0.4 0.8 1.1 1.444 1.566 1.8 2.1 2.5
PT 1 1 10 -1 10.0 15.0 20.0 25.0 30.0 35.0 40.0 45.0 70.0 100.0 500.0
1 0 0 0 1 0 0 0.000 0.000 0.000 0.000 0.298 0.803 0.868 0.894 0.926 0.948
1 0 0 0 1 0 1 0.000 0.000 0.000 0.000 0.392 0.867 0.903 0.924 0.955 0.965
1 0 0 0 1 0 2 0.000 0.000 0.000 0.000 0.416 0.833 0.889 0.911 0.938 0.945
1 0 0 0 1 0 3 0.000 0.000 0.000 0.000 0.373 0.793 0.865 0.891 0.912 0.930
1 0 0 0 1 0 4 0.000 0.000 0.000 0.000 0.265 0.796 0.868 0.892 0.935 0.952
1 0 0 0 1 0 5 0.000 0.000 0.000 0.000 0.368 0.866 0.895 0.909 0.945 0.947
1 0 0 0 1 0 6 0.000 0.000 0.000 0.000 0.383 0.857 0.881 0.901 0.937 0.944
1 0 0 0 1 0 7 0.000 0.000 0.000 0.000 0.374 0.848 0.875 0.896 0.931 0.942
1 0 0 0 1 0 8 0.000 0.000 0.000 0.000 0.362 0.837 0.861 0.878 0.907 0.932
1 0 0 0 1 0 9 0.000 0.000 0.000 0.000 0.388 0.851 0.868 0.886 0.921 0.926
1 0 0 0 1 0 10 0.000 0.000 0.000 0.000 0.360 0.857 0.884 0.900 0.932 0.944
1 0 0 0 1 0 11 0.000 0.000 0.000 0.000 0.275 0.786 0.858 0.886 0.937 0.944
1 0 0 0 1 0 12 0.000 0.000 0.000 0.000 0.379 0.788 0.863 0.885 0.939 0.937
1 0 0 0 1 0 13 0.000 0.000 0.000 0.000 0.409 0.835 0.891 0.914 0.937 0.955
1 0 0 0 1 0 14 0.000 0.000 0.000 0.000 0.396 0.861 0.898 0.916 0.949 0.954
1 0 0 0 1 0 15 0.000 0.000 0.000 0.000 0.299 0.773 0.844 0.877 0.893 0.900
## root/tight_electron_UL2018/egammaEffi.txt_EGM2D_Ele32_TightID_Selective_QPlus_hsseo_v2.root EGamma_EffMC2D
ETA 1 1 16 -1 -2.5 -2.1 -1.8 -1.566 -1.444 -1.1 -0.8 -0.4 0.0 0.4 0.8 1.1 1.444 1.566 1.8 2.1 2.5
PT 1 1 10 -1 10.0 15.0 20.0 25.0 30.0 35.0 40.0 45.0 70.0 100.0 500.0
1 0 0 1 1 0 0 0.000 0.000 0.000 0.000 0.173 0.748 0.865 0.888 0.942 0.964
1 0 0 1 1 0 1 0.000 0.000 0.000 0.000 0.239 0.844 0.914 0.926 0.953 0.963
1 0 0 1 1 0 2 0.000 0.000 0.000 0.000 0.297 0.868 0.913 0.927 0.962 0.967
1 0 0 1 1 0 3 0.000 0.000 0.000 0.000 0.408 0.851 0.900 0.917 0.946 0.945
1 0 0 1 1 0 4 0.000 0.000 0.000 0.000 0.335 0.868 0.898 0.915 0.955 0.952
1 0 0 1 1 0 5 0.000 0.000 0.000 0.000 0.382 0.902 0.920 0.934 0.959 0.966
1 0 0 1 1 0 6 0.000 0.000 0.000 0.000 0.410 0.879 0.896 0.919 0.939 0.956
1 0 0 1 1 0 7 0.000 0.000 0.000 0.000 0.409 0.882 0.898 0.920 0.949 0.954
1 0 0 1 1 0 8 0.000 0.000 0.000 0.000 0.401 0.875 0.890 0.909 0.929 0.938
1 0 0 1 1 0 9 0.000 0.000 0.000 0.000 0.398 0.880 0.894 0.915 0.935 0.946
1 0 0 1 1 0 10 0.000 0.000 0.000 0.000 0.359 0.887 0.907 0.918 0.941 0.968
1 0 0 1 1 0 11 0.000 0.000 0.000 0.000 0.316 0.860 0.885 0.905 0.948 0.954
1 0 0 1 1 0 12 0.000 0.000 0.000 0.000 0.421 0.843 0.891 0.914 0.906 0.966
1 0 0 1 1 0 13 0.000 0.000 0.000 0.000 0.344 0.868 0.917 0.929 0.951 0.959
1 0 0 1 1 0 14 0.000 0.000 0.000 0.000 0.245 0.786 0.904 0.926 0.948 0.971
1 0 0 1 1 0 15 0.000 0.000 0.000 0.000 0.196 0.735 0.829 0.861 0.908 0.916
## root/tight_electron_UL2018/egammaEffi.txt_EGM2D_Ele32_TightID_Selective_QMinus_hsseo_v2.root EGamma_EffData2D
ETA 1 1 16 -1 -2.5 -2.1 -1.8 -1.566 -1.444 -1.1 -0.8 -0.4 0.0 0.4 0.8 1.1 1.444 1.566 1.8 2.1 2.5
PT 1 1 10 -1 10.0 15.0 20.0 25.0 30.0 35.0 40.0 45.0 70.0 100.0 500.0
1 0 0 0 1 1 0 0.000 0.000 0.000 0.000 0.296 0.803 0.868 0.893 0.928 0.934
1 0 0 0 1 1 1 0.000 0.000 0.000 0.000 0.388 0.869 0.903 0.923 0.951 0.970
1 0 0 0 1 1 2 0.000 0.000 0.000 0.000 0.417 0.834 0.887 0.910 0.925 0.944
1 0 0 0 1 1 3 0.000 0.000 0.000 0.000 0.369 0.796 0.867 0.890 0.927 0.940
1 0 0 0 1 1 4 0.000 0.000 0.000 0.000 0.265 0.798 0.870 0.895 0.938 0.952
1 0 0 0 1 1 5 0.000 0.000 0.000 0.000 0.367 0.869 0.898 0.910 0.943 0.950
1 0 0 0 1 1 6 0.000 0.000 0.000 0.000 0.385 0.864 0.886 0.905 0.939 0.945
1 0 0 0 1 1 7 0.000 0.000 0.000 0.000 0.379 0.854 0.880 0.898 0.931 0.944
1 0 0 0 1 1 8 0.000 0.000 0.000 0.000 0.361 0.830 0.856 0.875 0.911 0.920
1 0 0 0 1 1 9 0.000 0.000 0.000 0.000 0.389 0.846 0.865 0.884 0.926 0.930
1 0 0 0 1 1 10 0.000 0.000 0.000 0.000 0.361 0.854 0.885 0.899 0.930 0.945
1 0 0 0 1 1 11 0.000 0.000 0.000 0.000 0.273 0.783 0.856 0.885 0.922 0.945
1 0 0 0 1 1 12 0.000 0.000 0.000 0.000 0.370 0.788 0.861 0.884 0.902 0.940
1 0 0 0 1 1 13 0.000 0.000 0.000 0.000 0.413 0.836 0.893 0.914 0.934 0.946
1 0 0 0 1 1 14 0.000 0.000 0.000 0.000 0.395 0.861 0.899 0.918 0.942 0.967
1 0 0 0 1 1 15 0.000 0.000 0.000 0.000 0.298 0.776 0.844 0.874 0.915 0.909
## root/tight_electron_UL2018/egammaEffi.txt_EGM2D_Ele32_TightID_Selective_QMinus_hsseo_v2.root EGamma_EffMC2D
ETA 1 1 16 -1 -2.5 -2.1 -1.8 -1.566 -1.444 -1.1 -0.8 -0.4 0.0 0.4 0.8 1.1 1.444 1.566 1.8 2.1 2.5
PT 1 1 10 -1 10.0 15.0 20.0 25.0 30.0 35.0 40.0 45.0 70.0 100.0 500.0
1 0 0 1 1 1 0 0.000 0.000 0.000 0.000 0.173 0.753 0.866 0.890 0.946 0.983
1 0 0 1 1 1 1 0.000 0.000 0.000 0.000 0.233 0.833 0.913 0.928 0.951 0.967
1 0 0 1 1 1 2 0.000 0.000 0.000 0.000 0.297 0.868 0.913 0.930 0.961 0.962
1 0 0 1 1 1 3 0.000 0.000 0.000 0.000 0.426 0.853 0.901 0.914 0.950 0.981
1 0 0 1 1 1 4 0.000 0.000 0.000 0.000 0.334 0.867 0.896 0.914 0.950 0.955
1 0 0 1 1 1 5 0.000 0.000 0.000 0.000 0.371 0.906 0.922 0.935 0.957 0.963
1 0 0 1 1 1 6 0.000 0.000 0.000 0.000 0.409 0.883 0.901 0.921 0.950 0.957
1 0 0 1 1 1 7 0.000 0.000 0.000 0.000 0.409 0.888 0.902 0.920 0.944 0.951
1 0 0 1 1 1 8 0.000 0.000 0.000 0.000 0.400 0.864 0.884 0.904 0.933 0.939
1 0 0 1 1 1 9 0.000 0.000 0.000 0.000 0.405 0.875 0.890 0.911 0.938 0.957
1 0 0 1 1 1 10 0.000 0.000 0.000 0.000 0.367 0.887 0.904 0.916 0.949 0.959
1 0 0 1 1 1 11 0.000 0.000 0.000 0.000 0.321 0.857 0.885 0.904 0.940 0.957
1 0 0 1 1 1 12 0.000 0.000 0.000 0.000 0.417 0.855 0.893 0.920 0.959 0.939
1 0 0 1 1 1 13 0.000 0.000 0.000 0.000 0.347 0.865 0.916 0.931 0.963 0.967
1 0 0 1 1 1 14 0.000 0.000 0.000 0.000 0.243 0.796 0.906 0.926 0.961 0.973
1 0 0 1 1 1 15 0.000 0.000 0.000 0.000 0.200 0.734 0.839 0.862 0.923 0.920
