## root/tight_electron_UL2017/egammaEffi.txt_EGM2D_TightID_Selective_QPlus_hsseo_v2.root EGamma_EffData2D
ETA 1 0 16 -1 -2.5 -2.1 -1.8 -1.566 -1.444 -1.1 -0.8 -0.4 0.0 0.4 0.8 1.1 1.444 1.566 1.8 2.1 2.5
PT 1 0 10 -1 10.0 15.0 20.0 25.0 30.0 35.0 40.0 45.0 70.0 100.0 500.0
1 0 0 0 0 0 0 0.355 0.434 0.458 0.508 0.553 0.592 0.627 0.650 0.684 0.651
1 0 0 0 0 0 1 0.460 0.545 0.573 0.619 0.666 0.711 0.736 0.759 0.761 0.754
1 0 0 0 0 0 2 0.422 0.528 0.561 0.622 0.662 0.707 0.747 0.772 0.784 0.806
1 0 0 0 0 0 3 0.221 0.366 0.281 0.360 0.428 0.502 0.575 0.593 0.602 0.575
1 0 0 0 0 0 4 0.320 0.396 0.424 0.487 0.543 0.599 0.646 0.680 0.712 0.762
1 0 0 0 0 0 5 0.345 0.491 0.522 0.589 0.645 0.699 0.742 0.771 0.812 0.841
1 0 0 0 0 0 6 0.349 0.484 0.529 0.576 0.642 0.701 0.746 0.775 0.814 0.841
1 0 0 0 0 0 7 0.354 0.505 0.547 0.607 0.660 0.710 0.754 0.781 0.813 0.856
1 0 0 0 0 0 8 0.402 0.504 0.566 0.624 0.675 0.721 0.762 0.787 0.818 0.859
1 0 0 0 0 0 9 0.402 0.501 0.548 0.597 0.656 0.710 0.754 0.784 0.803 0.852
1 0 0 0 0 0 10 0.362 0.481 0.532 0.590 0.651 0.702 0.746 0.774 0.810 0.846
1 0 0 0 0 0 11 0.308 0.347 0.410 0.476 0.530 0.586 0.638 0.668 0.700 0.744
1 0 0 0 0 0 12 0.292 0.318 0.306 0.340 0.421 0.493 0.563 0.584 0.560 0.623
1 0 0 0 0 0 13 0.431 0.531 0.520 0.599 0.649 0.702 0.743 0.763 0.766 0.799
1 0 0 0 0 0 14 0.460 0.550 0.575 0.607 0.667 0.702 0.734 0.755 0.784 0.776
1 0 0 0 0 0 15 0.387 0.423 0.474 0.514 0.553 0.595 0.627 0.653 0.659 0.666
## root/tight_electron_UL2017/egammaEffi.txt_EGM2D_TightID_Selective_QPlus_hsseo_v2.root EGamma_EffMC2D
ETA 1 0 16 -1 -2.5 -2.1 -1.8 -1.566 -1.444 -1.1 -0.8 -0.4 0.0 0.4 0.8 1.1 1.444 1.566 1.8 2.1 2.5
PT 1 0 10 -1 10.0 15.0 20.0 25.0 30.0 35.0 40.0 45.0 70.0 100.0 500.0
1 0 0 1 0 0 0 0.337 0.422 0.449 0.492 0.535 0.577 0.610 0.637 0.664 0.705
1 0 0 1 0 0 1 0.431 0.541 0.580 0.619 0.676 0.709 0.739 0.759 0.788 0.760
1 0 0 1 0 0 2 0.436 0.551 0.563 0.626 0.674 0.719 0.754 0.777 0.786 0.779
1 0 0 1 0 0 3 0.280 0.364 0.287 0.364 0.435 0.503 0.562 0.590 0.550 0.618
1 0 0 1 0 0 4 0.265 0.391 0.441 0.499 0.557 0.613 0.664 0.698 0.750 0.779
1 0 0 1 0 0 5 0.342 0.485 0.540 0.599 0.659 0.713 0.763 0.786 0.825 0.847
1 0 0 1 0 0 6 0.354 0.480 0.546 0.611 0.671 0.720 0.769 0.798 0.826 0.846
1 0 0 1 0 0 7 0.327 0.527 0.575 0.638 0.697 0.744 0.788 0.815 0.852 0.879
1 0 0 1 0 0 8 0.354 0.516 0.588 0.651 0.700 0.747 0.787 0.814 0.847 0.874
1 0 0 1 0 0 9 0.374 0.498 0.559 0.618 0.674 0.728 0.770 0.801 0.832 0.876
1 0 0 1 0 0 10 0.377 0.482 0.533 0.595 0.662 0.713 0.755 0.784 0.823 0.844
1 0 0 1 0 0 11 0.278 0.380 0.426 0.487 0.546 0.600 0.652 0.685 0.723 0.749
1 0 0 1 0 0 12 0.294 0.364 0.295 0.359 0.436 0.504 0.569 0.597 0.607 0.546
1 0 0 1 0 0 13 0.431 0.537 0.537 0.612 0.672 0.712 0.752 0.776 0.810 0.817
1 0 0 1 0 0 14 0.416 0.555 0.568 0.622 0.672 0.703 0.737 0.762 0.775 0.749
1 0 0 1 0 0 15 0.306 0.386 0.431 0.485 0.528 0.569 0.593 0.628 0.701 0.685
## root/tight_electron_UL2017/egammaEffi.txt_EGM2D_TightID_Selective_QMinus_hsseo_v2.root EGamma_EffData2D
ETA 1 0 16 -1 -2.5 -2.1 -1.8 -1.566 -1.444 -1.1 -0.8 -0.4 0.0 0.4 0.8 1.1 1.444 1.566 1.8 2.1 2.5
PT 1 0 10 -1 10.0 15.0 20.0 25.0 30.0 35.0 40.0 45.0 70.0 100.0 500.0
1 0 0 0 0 1 0 0.364 0.419 0.470 0.507 0.563 0.593 0.635 0.650 0.681 0.664
1 0 0 0 0 1 1 0.454 0.547 0.580 0.613 0.663 0.704 0.739 0.760 0.772 0.766
1 0 0 0 0 1 2 0.448 0.556 0.548 0.603 0.663 0.710 0.748 0.770 0.801 0.799
1 0 0 0 0 1 3 0.383 0.436 0.282 0.338 0.430 0.509 0.568 0.596 0.555 0.631
1 0 0 0 0 1 4 0.258 0.392 0.432 0.496 0.550 0.598 0.651 0.680 0.732 0.744
1 0 0 0 0 1 5 0.365 0.495 0.527 0.595 0.649 0.701 0.744 0.771 0.795 0.856
1 0 0 0 0 1 6 0.387 0.484 0.531 0.595 0.648 0.700 0.746 0.773 0.808 0.843
1 0 0 0 0 1 7 0.367 0.474 0.557 0.612 0.661 0.716 0.757 0.782 0.815 0.860
1 0 0 0 0 1 8 0.363 0.500 0.561 0.616 0.670 0.716 0.763 0.784 0.829 0.867
1 0 0 0 0 1 9 0.368 0.488 0.541 0.589 0.655 0.709 0.753 0.780 0.808 0.861
1 0 0 0 0 1 10 0.362 0.486 0.515 0.585 0.642 0.697 0.745 0.773 0.820 0.840
1 0 0 0 0 1 11 0.298 0.387 0.414 0.468 0.529 0.585 0.635 0.668 0.733 0.750
1 0 0 0 0 1 12 0.271 0.339 0.297 0.338 0.410 0.491 0.552 0.581 0.559 0.569
1 0 0 0 0 1 13 0.458 0.497 0.532 0.589 0.655 0.704 0.744 0.764 0.789 0.805
1 0 0 0 0 1 14 0.490 0.539 0.573 0.622 0.659 0.699 0.737 0.756 0.753 0.796
1 0 0 0 0 1 15 0.383 0.447 0.468 0.518 0.562 0.594 0.626 0.651 0.681 0.691
## root/tight_electron_UL2017/egammaEffi.txt_EGM2D_TightID_Selective_QMinus_hsseo_v2.root EGamma_EffMC2D
ETA 1 0 16 -1 -2.5 -2.1 -1.8 -1.566 -1.444 -1.1 -0.8 -0.4 0.0 0.4 0.8 1.1 1.444 1.566 1.8 2.1 2.5
PT 1 0 10 -1 10.0 15.0 20.0 25.0 30.0 35.0 40.0 45.0 70.0 100.0 500.0
1 0 0 1 0 1 0 0.321 0.402 0.435 0.501 0.539 0.574 0.609 0.639 0.681 0.678
1 0 0 1 0 1 1 0.414 0.547 0.563 0.626 0.670 0.711 0.742 0.764 0.764 0.770
1 0 0 1 0 1 2 0.461 0.539 0.562 0.624 0.680 0.717 0.753 0.776 0.804 0.792
1 0 0 1 0 1 3 0.233 0.335 0.274 0.363 0.426 0.504 0.572 0.590 0.547 0.475
1 0 0 1 0 1 4 0.269 0.403 0.444 0.505 0.557 0.614 0.665 0.698 0.742 0.764
1 0 0 1 0 1 5 0.346 0.481 0.537 0.605 0.665 0.714 0.760 0.786 0.815 0.846
1 0 0 1 0 1 6 0.367 0.508 0.549 0.613 0.670 0.725 0.771 0.799 0.839 0.836
1 0 0 1 0 1 7 0.365 0.494 0.576 0.645 0.699 0.749 0.790 0.816 0.844 0.865
1 0 0 1 0 1 8 0.333 0.503 0.582 0.638 0.697 0.746 0.788 0.812 0.843 0.884
1 0 0 1 0 1 9 0.365 0.498 0.556 0.609 0.674 0.728 0.771 0.799 0.826 0.863
1 0 0 1 0 1 10 0.356 0.481 0.536 0.596 0.651 0.710 0.757 0.785 0.814 0.851
1 0 0 1 0 1 11 0.274 0.374 0.432 0.489 0.541 0.600 0.652 0.686 0.744 0.769
1 0 0 1 0 1 12 0.282 0.376 0.295 0.365 0.432 0.501 0.565 0.585 0.531 0.584
1 0 0 1 0 1 13 0.429 0.546 0.541 0.614 0.674 0.716 0.750 0.775 0.797 0.810
1 0 0 1 0 1 14 0.434 0.568 0.571 0.617 0.668 0.703 0.738 0.756 0.794 0.820
1 0 0 1 0 1 15 0.313 0.389 0.439 0.488 0.528 0.569 0.597 0.627 0.674 0.697
## root/tight_electron_UL2017/egammaEffi.txt_EGM2D_Ele32_TightID_Selective_QPlus_hsseo_v2.root EGamma_EffData2D
ETA 1 1 16 -1 -2.5 -2.1 -1.8 -1.566 -1.444 -1.1 -0.8 -0.4 0.0 0.4 0.8 1.1 1.444 1.566 1.8 2.1 2.5
PT 1 1 10 -1 10.0 15.0 20.0 25.0 30.0 35.0 40.0 45.0 70.0 100.0 500.0
1 0 0 0 1 0 0 0.000 0.000 0.000 0.000 0.323 0.767 0.821 0.854 0.918 0.920
1 0 0 0 1 0 1 0.000 0.000 0.000 0.000 0.342 0.821 0.861 0.878 0.919 0.946
1 0 0 0 1 0 2 0.000 0.000 0.000 0.000 0.412 0.839 0.870 0.885 0.931 0.917
1 0 0 0 1 0 3 0.000 0.000 0.000 0.000 0.547 0.852 0.870 0.877 0.912 0.883
1 0 0 0 1 0 4 0.000 0.000 0.000 0.000 0.410 0.858 0.888 0.901 0.933 0.947
1 0 0 0 1 0 5 0.000 0.000 0.000 0.000 0.432 0.891 0.906 0.912 0.942 0.960
1 0 0 0 1 0 6 0.000 0.000 0.000 0.000 0.453 0.885 0.898 0.910 0.936 0.943
1 0 0 0 1 0 7 0.000 0.000 0.000 0.000 0.427 0.861 0.878 0.890 0.924 0.944
1 0 0 0 1 0 8 0.000 0.000 0.000 0.000 0.429 0.852 0.865 0.874 0.903 0.920
1 0 0 0 1 0 9 0.000 0.000 0.000 0.000 0.442 0.862 0.872 0.883 0.924 0.928
1 0 0 0 1 0 10 0.000 0.000 0.000 0.000 0.400 0.870 0.887 0.892 0.924 0.931
1 0 0 0 1 0 11 0.000 0.000 0.000 0.000 0.378 0.835 0.865 0.880 0.914 0.934
1 0 0 0 1 0 12 0.000 0.000 0.000 0.000 0.501 0.844 0.867 0.882 0.929 0.864
1 0 0 0 1 0 13 0.000 0.000 0.000 0.000 0.372 0.843 0.878 0.892 0.937 0.941
1 0 0 0 1 0 14 0.000 0.000 0.000 0.000 0.306 0.818 0.855 0.869 0.913 0.910
1 0 0 0 1 0 15 0.000 0.000 0.000 0.000 0.290 0.735 0.802 0.833 0.911 0.909
## root/tight_electron_UL2017/egammaEffi.txt_EGM2D_Ele32_TightID_Selective_QPlus_hsseo_v2.root EGamma_EffMC2D
ETA 1 1 16 -1 -2.5 -2.1 -1.8 -1.566 -1.444 -1.1 -0.8 -0.4 0.0 0.4 0.8 1.1 1.444 1.566 1.8 2.1 2.5
PT 1 1 10 -1 10.0 15.0 20.0 25.0 30.0 35.0 40.0 45.0 70.0 100.0 500.0
1 0 0 1 1 0 0 0.000 0.000 0.000 0.000 0.411 0.686 0.770 0.811 0.863 0.866
1 0 0 1 1 0 1 0.000 0.000 0.000 0.000 0.382 0.798 0.882 0.900 0.944 0.947
1 0 0 1 1 0 2 0.000 0.000 0.000 0.000 0.362 0.851 0.900 0.910 0.931 0.946
1 0 0 1 1 0 3 0.000 0.000 0.000 0.000 0.602 0.851 0.884 0.896 0.929 0.901
1 0 0 1 1 0 4 0.000 0.000 0.000 0.000 0.594 0.868 0.895 0.907 0.942 0.952
1 0 0 1 1 0 5 0.000 0.000 0.000 0.000 0.601 0.894 0.907 0.917 0.939 0.962
1 0 0 1 1 0 6 0.000 0.000 0.000 0.000 0.617 0.885 0.896 0.910 0.939 0.942
1 0 0 1 1 0 7 0.000 0.000 0.000 0.000 0.613 0.882 0.897 0.907 0.929 0.946
1 0 0 1 1 0 8 0.000 0.000 0.000 0.000 0.589 0.876 0.887 0.898 0.924 0.932
1 0 0 1 1 0 9 0.000 0.000 0.000 0.000 0.598 0.876 0.889 0.900 0.926 0.946
1 0 0 1 1 0 10 0.000 0.000 0.000 0.000 0.580 0.883 0.901 0.908 0.936 0.954
1 0 0 1 1 0 11 0.000 0.000 0.000 0.000 0.563 0.857 0.881 0.893 0.935 0.952
1 0 0 1 1 0 12 0.000 0.000 0.000 0.000 0.594 0.849 0.884 0.895 0.917 0.915
1 0 0 1 1 0 13 0.000 0.000 0.000 0.000 0.390 0.860 0.909 0.916 0.941 0.951
1 0 0 1 1 0 14 0.000 0.000 0.000 0.000 0.368 0.816 0.881 0.894 0.917 0.948
1 0 0 1 1 0 15 0.000 0.000 0.000 0.000 0.410 0.680 0.759 0.805 0.857 0.918
## root/tight_electron_UL2017/egammaEffi.txt_EGM2D_Ele32_TightID_Selective_QMinus_hsseo_v2.root EGamma_EffData2D
ETA 1 1 16 -1 -2.5 -2.1 -1.8 -1.566 -1.444 -1.1 -0.8 -0.4 0.0 0.4 0.8 1.1 1.444 1.566 1.8 2.1 2.5
PT 1 1 10 -1 10.0 15.0 20.0 25.0 30.0 35.0 40.0 45.0 70.0 100.0 500.0
1 0 0 0 1 1 0 0.000 0.000 0.000 0.000 0.325 0.769 0.825 0.854 0.902 0.929
1 0 0 0 1 1 1 0.000 0.000 0.000 0.000 0.340 0.827 0.859 0.878 0.918 0.938
1 0 0 0 1 1 2 0.000 0.000 0.000 0.000 0.410 0.840 0.872 0.886 0.921 0.934
1 0 0 0 1 1 3 0.000 0.000 0.000 0.000 0.550 0.850 0.872 0.881 0.900 0.862
1 0 0 0 1 1 4 0.000 0.000 0.000 0.000 0.408 0.859 0.887 0.904 0.934 0.945
1 0 0 0 1 1 5 0.000 0.000 0.000 0.000 0.434 0.893 0.907 0.914 0.949 0.952
1 0 0 0 1 1 6 0.000 0.000 0.000 0.000 0.453 0.886 0.899 0.911 0.937 0.953
1 0 0 0 1 1 7 0.000 0.000 0.000 0.000 0.427 0.865 0.879 0.891 0.927 0.933
1 0 0 0 1 1 8 0.000 0.000 0.000 0.000 0.429 0.849 0.860 0.873 0.896 0.921
1 0 0 0 1 1 9 0.000 0.000 0.000 0.000 0.444 0.861 0.873 0.884 0.907 0.929
1 0 0 0 1 1 10 0.000 0.000 0.000 0.000 0.398 0.868 0.885 0.891 0.917 0.936
1 0 0 0 1 1 11 0.000 0.000 0.000 0.000 0.373 0.835 0.861 0.881 0.920 0.934
1 0 0 0 1 1 12 0.000 0.000 0.000 0.000 0.513 0.844 0.860 0.874 0.898 0.890
1 0 0 0 1 1 13 0.000 0.000 0.000 0.000 0.372 0.848 0.876 0.895 0.937 0.944
1 0 0 0 1 1 14 0.000 0.000 0.000 0.000 0.305 0.814 0.853 0.867 0.911 0.928
1 0 0 0 1 1 15 0.000 0.000 0.000 0.000 0.279 0.735 0.801 0.827 0.879 0.913
## root/tight_electron_UL2017/egammaEffi.txt_EGM2D_Ele32_TightID_Selective_QMinus_hsseo_v2.root EGamma_EffMC2D
ETA 1 1 16 -1 -2.5 -2.1 -1.8 -1.566 -1.444 -1.1 -0.8 -0.4 0.0 0.4 0.8 1.1 1.444 1.566 1.8 2.1 2.5
PT 1 1 10 -1 10.0 15.0 20.0 25.0 30.0 35.0 40.0 45.0 70.0 100.0 500.0
1 0 0 1 1 1 0 0.000 0.000 0.000 0.000 0.407 0.687 0.768 0.808 0.861 0.930
1 0 0 1 1 1 1 0.000 0.000 0.000 0.000 0.380 0.800 0.880 0.898 0.941 0.941
1 0 0 1 1 1 2 0.000 0.000 0.000 0.000 0.363 0.850 0.899 0.908 0.932 0.948
1 0 0 1 1 1 3 0.000 0.000 0.000 0.000 0.597 0.851 0.887 0.894 0.914 0.908
1 0 0 1 1 1 4 0.000 0.000 0.000 0.000 0.594 0.872 0.894 0.908 0.946 0.955
1 0 0 1 1 1 5 0.000 0.000 0.000 0.000 0.605 0.898 0.912 0.919 0.949 0.956
1 0 0 1 1 1 6 0.000 0.000 0.000 0.000 0.619 0.887 0.898 0.911 0.925 0.944
1 0 0 1 1 1 7 0.000 0.000 0.000 0.000 0.613 0.884 0.896 0.905 0.931 0.944
1 0 0 1 1 1 8 0.000 0.000 0.000 0.000 0.585 0.875 0.885 0.896 0.921 0.937
1 0 0 1 1 1 9 0.000 0.000 0.000 0.000 0.588 0.872 0.889 0.901 0.932 0.939
1 0 0 1 1 1 10 0.000 0.000 0.000 0.000 0.572 0.885 0.899 0.905 0.942 0.940
1 0 0 1 1 1 11 0.000 0.000 0.000 0.000 0.558 0.852 0.877 0.892 0.933 0.940
1 0 0 1 1 1 12 0.000 0.000 0.000 0.000 0.578 0.848 0.888 0.891 0.912 0.906
1 0 0 1 1 1 13 0.000 0.000 0.000 0.000 0.394 0.861 0.903 0.917 0.942 0.951
1 0 0 1 1 1 14 0.000 0.000 0.000 0.000 0.368 0.812 0.880 0.891 0.935 0.937
1 0 0 1 1 1 15 0.000 0.000 0.000 0.000 0.407 0.680 0.762 0.804 0.889 0.887
