## root/tight_electron_2017/egammaEffi.txt_EGM2D_TightID_Selective_QPlus_hsseo_v2.root EGamma_EffData2D
ETA 1 0 16 -1 -2.5 -2.1 -1.8 -1.566 -1.444 -1.1 -0.8 -0.4 0.0 0.4 0.8 1.1 1.444 1.566 1.8 2.1 2.5
PT 1 0 10 -1 10.0 15.0 20.0 25.0 30.0 35.0 40.0 45.0 70.0 100.0 500.0
1 0 0 0 0 0 0 0.280 0.375 0.417 0.457 0.493 0.540 0.569 0.592 0.602 0.646
1 0 0 0 0 0 1 0.413 0.489 0.523 0.585 0.631 0.669 0.702 0.725 0.770 0.745
1 0 0 0 0 0 2 0.388 0.502 0.526 0.580 0.636 0.683 0.723 0.747 0.750 0.782
1 0 0 0 0 0 3 0.286 0.317 0.264 0.348 0.420 0.479 0.542 0.554 0.548 0.597
1 0 0 0 0 0 4 0.290 0.344 0.404 0.469 0.507 0.563 0.610 0.647 0.705 0.732
1 0 0 0 0 0 5 0.330 0.435 0.503 0.563 0.622 0.674 0.716 0.748 0.785 0.822
1 0 0 0 0 0 6 0.367 0.471 0.519 0.575 0.635 0.686 0.730 0.760 0.792 0.833
1 0 0 0 0 0 7 0.329 0.491 0.538 0.612 0.658 0.705 0.745 0.775 0.811 0.855
1 0 0 0 0 0 8 0.366 0.505 0.559 0.616 0.666 0.714 0.751 0.776 0.821 0.849
1 0 0 0 0 0 9 0.341 0.499 0.533 0.590 0.645 0.696 0.738 0.767 0.802 0.841
1 0 0 0 0 0 10 0.351 0.479 0.504 0.571 0.622 0.680 0.721 0.751 0.782 0.833
1 0 0 0 0 0 11 0.279 0.361 0.383 0.452 0.499 0.544 0.599 0.636 0.680 0.711
1 0 0 0 0 0 12 0.291 0.293 0.274 0.346 0.415 0.474 0.530 0.550 0.513 0.585
1 0 0 0 0 0 13 0.422 0.526 0.482 0.560 0.629 0.670 0.720 0.747 0.764 0.783
1 0 0 0 0 0 14 0.441 0.520 0.533 0.571 0.625 0.670 0.705 0.726 0.766 0.758
1 0 0 0 0 0 15 0.318 0.348 0.399 0.440 0.494 0.529 0.558 0.581 0.609 0.657
## root/tight_electron_2017/egammaEffi.txt_EGM2D_TightID_Selective_QPlus_hsseo_v2.root EGamma_EffMC2D
ETA 1 0 16 -1 -2.5 -2.1 -1.8 -1.566 -1.444 -1.1 -0.8 -0.4 0.0 0.4 0.8 1.1 1.444 1.566 1.8 2.1 2.5
PT 1 0 10 -1 10.0 15.0 20.0 25.0 30.0 35.0 40.0 45.0 70.0 100.0 500.0
1 0 0 1 0 0 0 0.341 0.446 0.480 0.528 0.582 0.624 0.653 0.678 0.695 0.686
1 0 0 1 0 0 1 0.447 0.573 0.597 0.644 0.698 0.732 0.765 0.785 0.794 0.800
1 0 0 1 0 0 2 0.450 0.553 0.581 0.633 0.696 0.735 0.775 0.792 0.816 0.808
1 0 0 1 0 0 3 0.300 0.347 0.301 0.369 0.450 0.515 0.577 0.597 0.559 0.593
1 0 0 1 0 0 4 0.267 0.389 0.441 0.498 0.562 0.620 0.673 0.703 0.737 0.772
1 0 0 1 0 0 5 0.334 0.466 0.526 0.596 0.653 0.712 0.756 0.784 0.820 0.862
1 0 0 1 0 0 6 0.327 0.494 0.543 0.606 0.665 0.722 0.766 0.795 0.819 0.833
1 0 0 1 0 0 7 0.337 0.488 0.577 0.639 0.694 0.746 0.787 0.812 0.829 0.872
1 0 0 1 0 0 8 0.349 0.496 0.588 0.648 0.703 0.753 0.791 0.818 0.849 0.876
1 0 0 1 0 0 9 0.346 0.491 0.561 0.618 0.678 0.729 0.774 0.801 0.827 0.871
1 0 0 1 0 0 10 0.337 0.479 0.535 0.596 0.661 0.718 0.762 0.790 0.828 0.855
1 0 0 1 0 0 11 0.280 0.370 0.430 0.497 0.556 0.614 0.661 0.693 0.759 0.726
1 0 0 1 0 0 12 0.241 0.356 0.313 0.379 0.447 0.512 0.581 0.599 0.518 0.620
1 0 0 1 0 0 13 0.455 0.550 0.551 0.639 0.690 0.739 0.772 0.799 0.809 0.825
1 0 0 1 0 0 14 0.486 0.563 0.597 0.661 0.698 0.740 0.772 0.789 0.809 0.796
1 0 0 1 0 0 15 0.331 0.439 0.476 0.529 0.582 0.614 0.651 0.674 0.686 0.665
## root/tight_electron_2017/egammaEffi.txt_EGM2D_TightID_Selective_QMinus_hsseo_v2.root EGamma_EffData2D
ETA 1 0 16 -1 -2.5 -2.1 -1.8 -1.566 -1.444 -1.1 -0.8 -0.4 0.0 0.4 0.8 1.1 1.444 1.566 1.8 2.1 2.5
PT 1 0 10 -1 10.0 15.0 20.0 25.0 30.0 35.0 40.0 45.0 70.0 100.0 500.0
1 0 0 0 0 1 0 0.301 0.372 0.414 0.443 0.504 0.538 0.564 0.588 0.642 0.651
1 0 0 0 0 1 1 0.424 0.488 0.519 0.569 0.622 0.668 0.703 0.722 0.753 0.771
1 0 0 0 0 1 2 0.406 0.508 0.536 0.582 0.634 0.683 0.723 0.745 0.781 0.785
1 0 0 0 0 1 3 0.319 0.346 0.289 0.348 0.422 0.483 0.538 0.556 0.584 0.581
1 0 0 0 0 1 4 0.282 0.352 0.392 0.464 0.516 0.563 0.613 0.645 0.693 0.729
1 0 0 0 0 1 5 0.367 0.452 0.503 0.565 0.624 0.672 0.719 0.748 0.787 0.832
1 0 0 0 0 1 6 0.360 0.471 0.523 0.578 0.634 0.687 0.730 0.758 0.789 0.828
1 0 0 0 0 1 7 0.383 0.486 0.556 0.612 0.662 0.706 0.748 0.773 0.814 0.853
1 0 0 0 0 1 8 0.366 0.486 0.554 0.611 0.657 0.708 0.751 0.777 0.813 0.853
1 0 0 0 0 1 9 0.372 0.466 0.534 0.579 0.642 0.693 0.737 0.768 0.807 0.849
1 0 0 0 0 1 10 0.353 0.464 0.508 0.566 0.627 0.678 0.723 0.751 0.800 0.827
1 0 0 0 0 1 11 0.279 0.382 0.386 0.444 0.497 0.553 0.597 0.634 0.689 0.727
1 0 0 0 0 1 12 0.285 0.336 0.262 0.320 0.412 0.468 0.525 0.551 0.508 0.584
1 0 0 0 0 1 13 0.425 0.497 0.502 0.563 0.637 0.680 0.724 0.746 0.762 0.794
1 0 0 0 0 1 14 0.416 0.519 0.533 0.572 0.624 0.667 0.702 0.729 0.741 0.770
1 0 0 0 0 1 15 0.286 0.372 0.400 0.444 0.488 0.531 0.554 0.584 0.625 0.683
## root/tight_electron_2017/egammaEffi.txt_EGM2D_TightID_Selective_QMinus_hsseo_v2.root EGamma_EffMC2D
ETA 1 0 16 -1 -2.5 -2.1 -1.8 -1.566 -1.444 -1.1 -0.8 -0.4 0.0 0.4 0.8 1.1 1.444 1.566 1.8 2.1 2.5
PT 1 0 10 -1 10.0 15.0 20.0 25.0 30.0 35.0 40.0 45.0 70.0 100.0 500.0
1 0 0 1 0 1 0 0.319 0.453 0.476 0.533 0.581 0.620 0.650 0.676 0.702 0.690
1 0 0 1 0 1 1 0.442 0.578 0.590 0.642 0.695 0.733 0.765 0.790 0.792 0.808
1 0 0 1 0 1 2 0.456 0.544 0.582 0.644 0.695 0.737 0.771 0.793 0.790 0.811
1 0 0 1 0 1 3 0.264 0.383 0.304 0.380 0.435 0.519 0.578 0.603 0.553 0.585
1 0 0 1 0 1 4 0.295 0.397 0.437 0.507 0.572 0.620 0.674 0.706 0.742 0.764
1 0 0 1 0 1 5 0.337 0.470 0.537 0.600 0.664 0.714 0.757 0.785 0.823 0.839
1 0 0 1 0 1 6 0.362 0.490 0.549 0.611 0.670 0.723 0.766 0.796 0.833 0.853
1 0 0 1 0 1 7 0.307 0.486 0.572 0.641 0.701 0.747 0.789 0.815 0.846 0.874
1 0 0 1 0 1 8 0.326 0.498 0.578 0.645 0.702 0.750 0.792 0.817 0.852 0.892
1 0 0 1 0 1 9 0.376 0.480 0.550 0.614 0.676 0.726 0.771 0.803 0.844 0.853
1 0 0 1 0 1 10 0.340 0.471 0.533 0.591 0.657 0.716 0.760 0.790 0.813 0.872
1 0 0 1 0 1 11 0.268 0.371 0.435 0.501 0.553 0.615 0.662 0.697 0.743 0.774
1 0 0 1 0 1 12 0.274 0.344 0.296 0.366 0.449 0.512 0.575 0.594 0.587 0.650
1 0 0 1 0 1 13 0.432 0.552 0.551 0.630 0.691 0.738 0.776 0.798 0.800 0.828
1 0 0 1 0 1 14 0.480 0.578 0.591 0.656 0.699 0.743 0.769 0.792 0.791 0.815
1 0 0 1 0 1 15 0.317 0.441 0.482 0.531 0.581 0.624 0.648 0.675 0.696 0.738
## root/tight_electron_2017/egammaEffi.txt_EGM2D_Ele32_TightID_Selective_QPlus_hsseo_v2.root EGamma_EffData2D
ETA 1 1 16 -1 -2.5 -2.1 -1.8 -1.566 -1.444 -1.1 -0.8 -0.4 0.0 0.4 0.8 1.1 1.444 1.566 1.8 2.1 2.5
PT 1 1 10 -1 10.0 15.0 20.0 25.0 30.0 35.0 40.0 45.0 70.0 100.0 500.0
1 0 0 0 1 0 0 0.000 0.000 0.000 0.000 0.220 0.739 0.825 0.851 0.899 0.909
1 0 0 0 1 0 1 0.000 0.000 0.000 0.000 0.284 0.827 0.864 0.883 0.918 0.937
1 0 0 0 1 0 2 0.000 0.000 0.000 0.000 0.332 0.822 0.863 0.883 0.921 0.910
1 0 0 0 1 0 3 0.000 0.000 0.000 0.000 0.446 0.831 0.863 0.875 0.898 0.861
1 0 0 0 1 0 4 0.000 0.000 0.000 0.000 0.313 0.854 0.883 0.899 0.929 0.943
1 0 0 0 1 0 5 0.000 0.000 0.000 0.000 0.391 0.889 0.902 0.907 0.936 0.944
1 0 0 0 1 0 6 0.000 0.000 0.000 0.000 0.421 0.878 0.890 0.903 0.927 0.931
1 0 0 0 1 0 7 0.000 0.000 0.000 0.000 0.400 0.858 0.871 0.886 0.916 0.933
1 0 0 0 1 0 8 0.000 0.000 0.000 0.000 0.397 0.846 0.858 0.867 0.895 0.909
1 0 0 0 1 0 9 0.000 0.000 0.000 0.000 0.398 0.857 0.866 0.876 0.902 0.911
1 0 0 0 1 0 10 0.000 0.000 0.000 0.000 0.350 0.863 0.882 0.890 0.918 0.927
1 0 0 0 1 0 11 0.000 0.000 0.000 0.000 0.294 0.831 0.863 0.881 0.917 0.930
1 0 0 0 1 0 12 0.000 0.000 0.000 0.000 0.414 0.820 0.858 0.872 0.939 0.877
1 0 0 0 1 0 13 0.000 0.000 0.000 0.000 0.301 0.823 0.874 0.892 0.919 0.930
1 0 0 0 1 0 14 0.000 0.000 0.000 0.000 0.243 0.793 0.857 0.871 0.914 0.906
1 0 0 0 1 0 15 0.000 0.000 0.000 0.000 0.201 0.701 0.802 0.836 0.900 0.925
## root/tight_electron_2017/egammaEffi.txt_EGM2D_Ele32_TightID_Selective_QPlus_hsseo_v2.root EGamma_EffMC2D
ETA 1 1 16 -1 -2.5 -2.1 -1.8 -1.566 -1.444 -1.1 -0.8 -0.4 0.0 0.4 0.8 1.1 1.444 1.566 1.8 2.1 2.5
PT 1 1 10 -1 10.0 15.0 20.0 25.0 30.0 35.0 40.0 45.0 70.0 100.0 500.0
1 0 0 1 1 0 0 0.000 0.000 0.000 0.000 0.542 0.881 0.902 0.920 0.959 0.960
1 0 0 1 1 0 1 0.000 0.000 0.000 0.000 0.576 0.906 0.919 0.934 0.956 0.968
1 0 0 1 1 0 2 0.000 0.000 0.000 0.000 0.546 0.906 0.920 0.936 0.952 0.965
1 0 0 1 1 0 3 0.000 0.000 0.000 0.000 0.606 0.893 0.898 0.915 0.924 0.923
1 0 0 1 1 0 4 0.000 0.000 0.000 0.000 0.478 0.894 0.915 0.933 0.954 0.973
1 0 0 1 1 0 5 0.000 0.000 0.000 0.000 0.525 0.927 0.936 0.944 0.970 0.978
1 0 0 1 1 0 6 0.000 0.000 0.000 0.000 0.525 0.912 0.924 0.938 0.956 0.957
1 0 0 1 1 0 7 0.000 0.000 0.000 0.000 0.509 0.907 0.917 0.930 0.945 0.960
1 0 0 1 1 0 8 0.000 0.000 0.000 0.000 0.491 0.901 0.911 0.925 0.943 0.952
1 0 0 1 1 0 9 0.000 0.000 0.000 0.000 0.486 0.908 0.917 0.931 0.948 0.953
1 0 0 1 1 0 10 0.000 0.000 0.000 0.000 0.470 0.917 0.924 0.935 0.960 0.973
1 0 0 1 1 0 11 0.000 0.000 0.000 0.000 0.418 0.875 0.899 0.920 0.953 0.965
1 0 0 1 1 0 12 0.000 0.000 0.000 0.000 0.547 0.886 0.900 0.911 0.942 0.960
1 0 0 1 1 0 13 0.000 0.000 0.000 0.000 0.515 0.916 0.932 0.945 0.961 0.962
1 0 0 1 1 0 14 0.000 0.000 0.000 0.000 0.536 0.907 0.918 0.931 0.954 0.974
1 0 0 1 1 0 15 0.000 0.000 0.000 0.000 0.526 0.876 0.897 0.924 0.955 0.967
## root/tight_electron_2017/egammaEffi.txt_EGM2D_Ele32_TightID_Selective_QMinus_hsseo_v2.root EGamma_EffData2D
ETA 1 1 16 -1 -2.5 -2.1 -1.8 -1.566 -1.444 -1.1 -0.8 -0.4 0.0 0.4 0.8 1.1 1.444 1.566 1.8 2.1 2.5
PT 1 1 10 -1 10.0 15.0 20.0 25.0 30.0 35.0 40.0 45.0 70.0 100.0 500.0
1 0 0 0 1 1 0 0.000 0.000 0.000 0.000 0.222 0.744 0.824 0.854 0.902 0.909
1 0 0 0 1 1 1 0.000 0.000 0.000 0.000 0.288 0.827 0.863 0.883 0.921 0.934
1 0 0 0 1 1 2 0.000 0.000 0.000 0.000 0.332 0.826 0.866 0.882 0.914 0.913
1 0 0 0 1 1 3 0.000 0.000 0.000 0.000 0.457 0.835 0.865 0.877 0.900 0.881
1 0 0 0 1 1 4 0.000 0.000 0.000 0.000 0.308 0.854 0.884 0.901 0.931 0.938
1 0 0 0 1 1 5 0.000 0.000 0.000 0.000 0.387 0.889 0.904 0.910 0.933 0.947
1 0 0 0 1 1 6 0.000 0.000 0.000 0.000 0.425 0.880 0.892 0.904 0.925 0.944
1 0 0 0 1 1 7 0.000 0.000 0.000 0.000 0.396 0.861 0.872 0.887 0.914 0.923
1 0 0 0 1 1 8 0.000 0.000 0.000 0.000 0.395 0.844 0.856 0.870 0.893 0.915
1 0 0 0 1 1 9 0.000 0.000 0.000 0.000 0.399 0.854 0.865 0.875 0.895 0.918
1 0 0 0 1 1 10 0.000 0.000 0.000 0.000 0.356 0.864 0.882 0.889 0.912 0.923
1 0 0 0 1 1 11 0.000 0.000 0.000 0.000 0.295 0.833 0.860 0.880 0.910 0.927
1 0 0 0 1 1 12 0.000 0.000 0.000 0.000 0.417 0.816 0.852 0.867 0.890 0.882
1 0 0 0 1 1 13 0.000 0.000 0.000 0.000 0.302 0.824 0.871 0.891 0.926 0.926
1 0 0 0 1 1 14 0.000 0.000 0.000 0.000 0.251 0.790 0.855 0.868 0.916 0.929
1 0 0 0 1 1 15 0.000 0.000 0.000 0.000 0.195 0.702 0.802 0.831 0.886 0.900
## root/tight_electron_2017/egammaEffi.txt_EGM2D_Ele32_TightID_Selective_QMinus_hsseo_v2.root EGamma_EffMC2D
ETA 1 1 16 -1 -2.5 -2.1 -1.8 -1.566 -1.444 -1.1 -0.8 -0.4 0.0 0.4 0.8 1.1 1.444 1.566 1.8 2.1 2.5
PT 1 1 10 -1 10.0 15.0 20.0 25.0 30.0 35.0 40.0 45.0 70.0 100.0 500.0
1 0 0 1 1 1 0 0.000 0.000 0.000 0.000 0.553 0.877 0.893 0.920 0.944 0.950
1 0 0 1 1 1 1 0.000 0.000 0.000 0.000 0.584 0.908 0.917 0.933 0.952 0.968
1 0 0 1 1 1 2 0.000 0.000 0.000 0.000 0.537 0.907 0.920 0.936 0.952 0.957
1 0 0 1 1 1 3 0.000 0.000 0.000 0.000 0.575 0.887 0.903 0.912 0.922 0.919
1 0 0 1 1 1 4 0.000 0.000 0.000 0.000 0.467 0.897 0.915 0.933 0.950 0.966
1 0 0 1 1 1 5 0.000 0.000 0.000 0.000 0.514 0.927 0.938 0.946 0.961 0.977
1 0 0 1 1 1 6 0.000 0.000 0.000 0.000 0.523 0.915 0.926 0.940 0.955 0.965
1 0 0 1 1 1 7 0.000 0.000 0.000 0.000 0.506 0.908 0.917 0.931 0.950 0.953
1 0 0 1 1 1 8 0.000 0.000 0.000 0.000 0.494 0.899 0.907 0.923 0.937 0.949
1 0 0 1 1 1 9 0.000 0.000 0.000 0.000 0.491 0.908 0.916 0.930 0.945 0.957
1 0 0 1 1 1 10 0.000 0.000 0.000 0.000 0.479 0.914 0.925 0.934 0.950 0.958
1 0 0 1 1 1 11 0.000 0.000 0.000 0.000 0.428 0.874 0.897 0.919 0.949 0.964
1 0 0 1 1 1 12 0.000 0.000 0.000 0.000 0.545 0.888 0.897 0.916 0.919 0.912
1 0 0 1 1 1 13 0.000 0.000 0.000 0.000 0.522 0.917 0.932 0.943 0.964 0.981
1 0 0 1 1 1 14 0.000 0.000 0.000 0.000 0.548 0.902 0.917 0.931 0.949 0.970
1 0 0 1 1 1 15 0.000 0.000 0.000 0.000 0.532 0.887 0.902 0.923 0.941 0.970
