## root/v2_2/medium_electron_UL2018/egammaEffi.txt_EGM2D_MediumID_QPlus_hsseo_v2_1.root EGamma_EffData2D
ETA 1 0 16 -1 -2.5 -2.1 -1.8 -1.566 -1.444 -1.1 -0.8 -0.4 0.0 0.4 0.8 1.1 1.444 1.566 1.8 2.1 2.5
PT 1 0 10 -1 10.0 15.0 20.0 25.0 30.0 35.0 40.0 45.0 70.0 100.0 500.0
1 0 0 0 0 0 0 0.518 0.609 0.643 0.697 0.742 0.783 0.815 0.840 0.878 0.894
1 0 0 0 0 0 1 0.632 0.686 0.696 0.740 0.786 0.816 0.846 0.863 0.884 0.915
1 0 0 0 0 0 2 0.635 0.684 0.722 0.759 0.807 0.838 0.864 0.876 0.893 0.928
1 0 0 0 0 0 3 0.528 0.510 0.403 0.524 0.601 0.677 0.743 0.761 0.730 0.779
1 0 0 0 0 0 4 0.466 0.546 0.597 0.648 0.717 0.768 0.812 0.833 0.862 0.916
1 0 0 0 0 0 5 0.449 0.586 0.635 0.691 0.753 0.807 0.845 0.867 0.889 0.927
1 0 0 0 0 0 6 0.434 0.581 0.625 0.682 0.747 0.798 0.837 0.859 0.881 0.911
1 0 0 0 0 0 7 0.407 0.553 0.642 0.701 0.749 0.808 0.847 0.867 0.893 0.923
1 0 0 0 0 0 8 0.424 0.581 0.661 0.718 0.757 0.816 0.849 0.870 0.896 0.921
1 0 0 0 0 0 9 0.453 0.581 0.633 0.702 0.754 0.804 0.841 0.865 0.884 0.921
1 0 0 0 0 0 10 0.467 0.591 0.641 0.701 0.762 0.811 0.846 0.867 0.895 0.922
1 0 0 0 0 0 11 0.438 0.559 0.596 0.652 0.716 0.763 0.806 0.829 0.875 0.907
1 0 0 0 0 0 12 0.493 0.507 0.401 0.505 0.584 0.662 0.725 0.743 0.750 0.837
1 0 0 0 0 0 13 0.625 0.691 0.667 0.727 0.787 0.831 0.856 0.871 0.901 0.921
1 0 0 0 0 0 14 0.581 0.676 0.681 0.719 0.772 0.810 0.837 0.858 0.890 0.901
1 0 0 0 0 0 15 0.495 0.596 0.622 0.678 0.733 0.769 0.803 0.828 0.866 0.874
## root/v2_2/medium_electron_UL2018/egammaEffi.txt_EGM2D_MediumID_QPlus_hsseo_v2_1.root EGamma_EffMC2D
ETA 1 0 16 -1 -2.5 -2.1 -1.8 -1.566 -1.444 -1.1 -0.8 -0.4 0.0 0.4 0.8 1.1 1.444 1.566 1.8 2.1 2.5
PT 1 0 10 -1 10.0 15.0 20.0 25.0 30.0 35.0 40.0 45.0 70.0 100.0 500.0
1 0 0 1 0 0 0 0.469 0.614 0.645 0.686 0.748 0.788 0.820 0.844 0.875 0.889
1 0 0 1 0 0 1 0.639 0.702 0.721 0.765 0.804 0.840 0.864 0.882 0.900 0.931
1 0 0 1 0 0 2 0.616 0.696 0.718 0.772 0.807 0.844 0.873 0.887 0.908 0.922
1 0 0 1 0 0 3 0.428 0.507 0.444 0.510 0.584 0.662 0.730 0.740 0.687 0.700
1 0 0 1 0 0 4 0.417 0.590 0.618 0.700 0.744 0.800 0.845 0.868 0.896 0.894
1 0 0 1 0 0 5 0.484 0.610 0.669 0.732 0.782 0.835 0.874 0.897 0.918 0.934
1 0 0 1 0 0 6 0.422 0.595 0.648 0.713 0.773 0.827 0.865 0.888 0.900 0.911
1 0 0 1 0 0 7 0.370 0.573 0.662 0.731 0.790 0.837 0.874 0.894 0.918 0.935
1 0 0 1 0 0 8 0.405 0.583 0.679 0.738 0.793 0.841 0.876 0.896 0.914 0.929
1 0 0 1 0 0 9 0.424 0.602 0.665 0.721 0.780 0.829 0.869 0.888 0.907 0.913
1 0 0 1 0 0 10 0.496 0.609 0.669 0.728 0.782 0.836 0.873 0.895 0.919 0.926
1 0 0 1 0 0 11 0.415 0.575 0.624 0.684 0.744 0.794 0.838 0.864 0.875 0.911
1 0 0 1 0 0 12 0.446 0.523 0.450 0.510 0.587 0.664 0.728 0.741 0.696 0.710
1 0 0 1 0 0 13 0.621 0.687 0.688 0.758 0.803 0.837 0.870 0.883 0.906 0.911
1 0 0 1 0 0 14 0.631 0.713 0.708 0.767 0.804 0.836 0.863 0.883 0.902 0.910
1 0 0 1 0 0 15 0.516 0.601 0.640 0.691 0.739 0.782 0.822 0.845 0.888 0.895
## root/v2_2/medium_electron_UL2018/egammaEffi.txt_EGM2D_MediumID_QMinus_hsseo_v2_1.root EGamma_EffData2D
ETA 1 0 16 -1 -2.5 -2.1 -1.8 -1.566 -1.444 -1.1 -0.8 -0.4 0.0 0.4 0.8 1.1 1.444 1.566 1.8 2.1 2.5
PT 1 0 10 -1 10.0 15.0 20.0 25.0 30.0 35.0 40.0 45.0 70.0 100.0 500.0
1 0 0 0 0 1 0 0.513 0.607 0.633 0.688 0.745 0.783 0.814 0.839 0.877 0.906
1 0 0 0 0 1 1 0.629 0.676 0.691 0.735 0.783 0.818 0.846 0.863 0.898 0.904
1 0 0 0 0 1 2 0.613 0.688 0.708 0.749 0.800 0.834 0.862 0.879 0.902 0.923
1 0 0 0 0 1 3 0.562 0.530 0.429 0.502 0.606 0.679 0.744 0.764 0.757 0.830
1 0 0 0 0 1 4 0.460 0.556 0.599 0.670 0.720 0.770 0.814 0.837 0.867 0.917
1 0 0 0 0 1 5 0.450 0.598 0.634 0.697 0.760 0.813 0.848 0.869 0.905 0.935
1 0 0 0 0 1 6 0.440 0.578 0.639 0.687 0.754 0.801 0.839 0.860 0.890 0.919
1 0 0 0 0 1 7 0.425 0.573 0.638 0.695 0.759 0.812 0.848 0.868 0.888 0.922
1 0 0 0 0 1 8 0.385 0.574 0.646 0.707 0.767 0.811 0.848 0.870 0.892 0.932
1 0 0 0 0 1 9 0.449 0.578 0.634 0.691 0.752 0.803 0.839 0.863 0.886 0.922
1 0 0 0 0 1 10 0.431 0.620 0.626 0.693 0.756 0.805 0.844 0.865 0.888 0.933
1 0 0 0 0 1 11 0.476 0.552 0.580 0.638 0.708 0.759 0.803 0.827 0.865 0.915
1 0 0 0 0 1 12 0.480 0.502 0.452 0.509 0.592 0.663 0.726 0.737 0.741 0.851
1 0 0 0 0 1 13 0.634 0.699 0.673 0.731 0.791 0.829 0.857 0.873 0.882 0.926
1 0 0 0 0 1 14 0.619 0.674 0.687 0.730 0.776 0.809 0.836 0.859 0.866 0.893
1 0 0 0 0 1 15 0.478 0.579 0.631 0.679 0.738 0.773 0.804 0.829 0.863 0.883
## root/v2_2/medium_electron_UL2018/egammaEffi.txt_EGM2D_MediumID_QMinus_hsseo_v2_1.root EGamma_EffMC2D
ETA 1 0 16 -1 -2.5 -2.1 -1.8 -1.566 -1.444 -1.1 -0.8 -0.4 0.0 0.4 0.8 1.1 1.444 1.566 1.8 2.1 2.5
PT 1 0 10 -1 10.0 15.0 20.0 25.0 30.0 35.0 40.0 45.0 70.0 100.0 500.0
1 0 0 1 0 1 0 0.492 0.604 0.638 0.693 0.747 0.785 0.820 0.848 0.870 0.914
1 0 0 1 0 1 1 0.637 0.726 0.715 0.767 0.806 0.843 0.867 0.885 0.907 0.919
1 0 0 1 0 1 2 0.619 0.712 0.711 0.770 0.814 0.845 0.874 0.889 0.911 0.898
1 0 0 1 0 1 3 0.442 0.492 0.431 0.509 0.584 0.665 0.727 0.739 0.709 0.762
1 0 0 1 0 1 4 0.430 0.585 0.634 0.703 0.758 0.807 0.848 0.873 0.890 0.910
1 0 0 1 0 1 5 0.463 0.615 0.669 0.731 0.788 0.841 0.877 0.898 0.916 0.934
1 0 0 1 0 1 6 0.442 0.585 0.653 0.719 0.780 0.829 0.867 0.890 0.903 0.926
1 0 0 1 0 1 7 0.406 0.561 0.672 0.740 0.793 0.840 0.876 0.896 0.913 0.941
1 0 0 1 0 1 8 0.399 0.581 0.670 0.734 0.792 0.838 0.874 0.895 0.917 0.931
1 0 0 1 0 1 9 0.439 0.584 0.656 0.711 0.772 0.825 0.864 0.887 0.901 0.918
1 0 0 1 0 1 10 0.453 0.589 0.672 0.728 0.781 0.831 0.869 0.890 0.907 0.930
1 0 0 1 0 1 11 0.413 0.553 0.628 0.682 0.739 0.793 0.834 0.863 0.882 0.907
1 0 0 1 0 1 12 0.461 0.523 0.428 0.506 0.587 0.661 0.727 0.739 0.690 0.761
1 0 0 1 0 1 13 0.599 0.710 0.697 0.756 0.809 0.842 0.870 0.886 0.897 0.923
1 0 0 1 0 1 14 0.634 0.707 0.714 0.761 0.801 0.838 0.862 0.881 0.901 0.896
1 0 0 1 0 1 15 0.498 0.600 0.636 0.693 0.744 0.785 0.821 0.845 0.882 0.906
## root/v2_2/medium_electron_UL2018/egammaEffi.txt_EGM2D_Ele27Or_MediumID_QPlus_hsseo_v2_1.root EGamma_EffData2D
ETA 1 1 16 -1 -2.5 -2.1 -1.8 -1.566 -1.444 -1.1 -0.8 -0.4 0.0 0.4 0.8 1.1 1.444 1.566 1.8 2.1 2.5
PT 1 1 10 -1 10.0 15.0 20.0 25.0 30.0 35.0 40.0 45.0 70.0 100.0 500.0
1 0 0 0 1 0 0 0.000 0.000 0.000 0.065 0.436 0.758 0.814 0.845 0.890 0.922
1 0 0 0 1 0 1 0.000 0.000 0.000 0.071 0.509 0.820 0.860 0.887 0.922 0.948
1 0 0 0 1 0 2 0.000 0.000 0.000 0.055 0.468 0.778 0.840 0.871 0.896 0.923
1 0 0 0 1 0 3 0.000 0.000 0.000 0.072 0.401 0.713 0.795 0.830 0.861 0.880
1 0 0 0 1 0 4 0.000 0.000 0.000 0.037 0.371 0.724 0.800 0.832 0.889 0.912
1 0 0 0 1 0 5 0.000 0.000 0.000 0.065 0.506 0.822 0.855 0.872 0.921 0.927
1 0 0 0 1 0 6 0.000 0.000 0.000 0.071 0.525 0.822 0.849 0.871 0.916 0.924
1 0 0 0 1 0 7 0.000 0.000 0.000 0.067 0.517 0.818 0.846 0.869 0.910 0.926
1 0 0 0 1 0 8 0.000 0.000 0.000 0.062 0.507 0.807 0.832 0.849 0.886 0.913
1 0 0 0 1 0 9 0.000 0.000 0.000 0.071 0.528 0.815 0.834 0.856 0.892 0.908
1 0 0 0 1 0 10 0.000 0.000 0.000 0.064 0.497 0.811 0.846 0.863 0.905 0.923
1 0 0 0 1 0 11 0.000 0.000 0.000 0.037 0.372 0.710 0.788 0.821 0.889 0.912
1 0 0 0 1 0 12 0.000 0.000 0.000 0.056 0.395 0.707 0.792 0.822 0.864 0.900
1 0 0 0 1 0 13 0.000 0.000 0.000 0.052 0.463 0.779 0.843 0.872 0.909 0.938
1 0 0 0 1 0 14 0.000 0.000 0.000 0.068 0.499 0.812 0.855 0.878 0.924 0.937
1 0 0 0 1 0 15 0.000 0.000 0.000 0.071 0.426 0.727 0.790 0.830 0.860 0.871
## root/v2_2/medium_electron_UL2018/egammaEffi.txt_EGM2D_Ele27Or_MediumID_QPlus_hsseo_v2_1.root EGamma_EffMC2D
ETA 1 1 16 -1 -2.5 -2.1 -1.8 -1.566 -1.444 -1.1 -0.8 -0.4 0.0 0.4 0.8 1.1 1.444 1.566 1.8 2.1 2.5
PT 1 1 10 -1 10.0 15.0 20.0 25.0 30.0 35.0 40.0 45.0 70.0 100.0 500.0
1 0 0 1 1 0 0 0.000 0.000 0.000 0.166 0.691 0.776 0.815 0.842 0.915 0.935
1 0 0 1 1 0 1 0.000 0.000 0.000 0.245 0.787 0.853 0.874 0.890 0.922 0.947
1 0 0 1 1 0 2 0.000 0.000 0.000 0.273 0.792 0.847 0.869 0.888 0.929 0.944
1 0 0 1 1 0 3 0.000 0.000 0.000 0.283 0.715 0.808 0.839 0.862 0.914 0.900
1 0 0 1 1 0 4 0.000 0.000 0.000 0.265 0.750 0.810 0.840 0.862 0.913 0.921
1 0 0 1 1 0 5 0.000 0.000 0.000 0.349 0.845 0.864 0.884 0.900 0.932 0.954
1 0 0 1 1 0 6 0.000 0.000 0.000 0.388 0.832 0.851 0.867 0.892 0.920 0.940
1 0 0 1 1 0 7 0.000 0.000 0.000 0.387 0.832 0.856 0.873 0.896 0.929 0.937
1 0 0 1 1 0 8 0.000 0.000 0.000 0.383 0.828 0.849 0.864 0.884 0.905 0.917
1 0 0 1 1 0 9 0.000 0.000 0.000 0.384 0.832 0.847 0.864 0.886 0.915 0.934
1 0 0 1 1 0 10 0.000 0.000 0.000 0.342 0.822 0.848 0.868 0.881 0.905 0.952
1 0 0 1 1 0 11 0.000 0.000 0.000 0.244 0.737 0.799 0.823 0.848 0.914 0.914
1 0 0 1 1 0 12 0.000 0.000 0.000 0.274 0.724 0.799 0.829 0.856 0.871 0.913
1 0 0 1 1 0 13 0.000 0.000 0.000 0.297 0.769 0.842 0.873 0.889 0.923 0.931
1 0 0 1 1 0 14 0.000 0.000 0.000 0.237 0.755 0.844 0.869 0.886 0.927 0.953
1 0 0 1 1 0 15 0.000 0.000 0.000 0.183 0.652 0.747 0.776 0.814 0.870 0.893
## root/v2_2/medium_electron_UL2018/egammaEffi.txt_EGM2D_Ele27Or_MediumID_QMinus_hsseo_v2_1.root EGamma_EffData2D
ETA 1 1 16 -1 -2.5 -2.1 -1.8 -1.566 -1.444 -1.1 -0.8 -0.4 0.0 0.4 0.8 1.1 1.444 1.566 1.8 2.1 2.5
PT 1 1 10 -1 10.0 15.0 20.0 25.0 30.0 35.0 40.0 45.0 70.0 100.0 500.0
1 0 0 0 1 1 0 0.000 0.000 0.000 0.066 0.433 0.758 0.814 0.845 0.896 0.911
1 0 0 0 1 1 1 0.000 0.000 0.000 0.070 0.507 0.823 0.861 0.885 0.924 0.947
1 0 0 0 1 1 2 0.000 0.000 0.000 0.052 0.469 0.779 0.839 0.871 0.900 0.923
1 0 0 0 1 1 3 0.000 0.000 0.000 0.064 0.392 0.716 0.799 0.829 0.871 0.910
1 0 0 0 1 1 4 0.000 0.000 0.000 0.037 0.371 0.726 0.800 0.835 0.889 0.912
1 0 0 0 1 1 5 0.000 0.000 0.000 0.066 0.506 0.824 0.857 0.872 0.914 0.930
1 0 0 0 1 1 6 0.000 0.000 0.000 0.073 0.527 0.827 0.852 0.874 0.914 0.926
1 0 0 0 1 1 7 0.000 0.000 0.000 0.066 0.520 0.824 0.849 0.871 0.911 0.926
1 0 0 0 1 1 8 0.000 0.000 0.000 0.064 0.501 0.800 0.827 0.849 0.891 0.904
1 0 0 0 1 1 9 0.000 0.000 0.000 0.071 0.527 0.810 0.833 0.855 0.901 0.909
1 0 0 0 1 1 10 0.000 0.000 0.000 0.063 0.502 0.809 0.845 0.863 0.909 0.920
1 0 0 0 1 1 11 0.000 0.000 0.000 0.039 0.371 0.712 0.789 0.823 0.872 0.904
1 0 0 0 1 1 12 0.000 0.000 0.000 0.052 0.389 0.708 0.790 0.822 0.853 0.912
1 0 0 0 1 1 13 0.000 0.000 0.000 0.052 0.462 0.779 0.844 0.872 0.903 0.917
1 0 0 0 1 1 14 0.000 0.000 0.000 0.069 0.503 0.813 0.856 0.879 0.912 0.940
1 0 0 0 1 1 15 0.000 0.000 0.000 0.072 0.422 0.727 0.789 0.827 0.876 0.884
## root/v2_2/medium_electron_UL2018/egammaEffi.txt_EGM2D_Ele27Or_MediumID_QMinus_hsseo_v2_1.root EGamma_EffMC2D
ETA 1 1 16 -1 -2.5 -2.1 -1.8 -1.566 -1.444 -1.1 -0.8 -0.4 0.0 0.4 0.8 1.1 1.444 1.566 1.8 2.1 2.5
PT 1 1 10 -1 10.0 15.0 20.0 25.0 30.0 35.0 40.0 45.0 70.0 100.0 500.0
1 0 0 1 1 1 0 0.000 0.000 0.000 0.172 0.689 0.775 0.811 0.843 0.912 0.957
1 0 0 1 1 1 1 0.000 0.000 0.000 0.252 0.798 0.846 0.873 0.891 0.924 0.948
1 0 0 1 1 1 2 0.000 0.000 0.000 0.277 0.786 0.845 0.870 0.891 0.921 0.936
1 0 0 1 1 1 3 0.000 0.000 0.000 0.289 0.719 0.800 0.843 0.857 0.918 0.913
1 0 0 1 1 1 4 0.000 0.000 0.000 0.266 0.751 0.810 0.837 0.858 0.908 0.928
1 0 0 1 1 1 5 0.000 0.000 0.000 0.343 0.844 0.867 0.884 0.901 0.936 0.942
1 0 0 1 1 1 6 0.000 0.000 0.000 0.389 0.834 0.855 0.871 0.893 0.923 0.940
1 0 0 1 1 1 7 0.000 0.000 0.000 0.392 0.838 0.863 0.876 0.896 0.924 0.940
1 0 0 1 1 1 8 0.000 0.000 0.000 0.385 0.819 0.840 0.859 0.881 0.911 0.925
1 0 0 1 1 1 9 0.000 0.000 0.000 0.374 0.826 0.844 0.860 0.883 0.915 0.935
1 0 0 1 1 1 10 0.000 0.000 0.000 0.336 0.827 0.848 0.865 0.882 0.921 0.938
1 0 0 1 1 1 11 0.000 0.000 0.000 0.246 0.740 0.794 0.825 0.849 0.898 0.928
1 0 0 1 1 1 12 0.000 0.000 0.000 0.290 0.716 0.802 0.836 0.862 0.890 0.910
1 0 0 1 1 1 13 0.000 0.000 0.000 0.302 0.778 0.840 0.870 0.893 0.924 0.940
1 0 0 1 1 1 14 0.000 0.000 0.000 0.237 0.756 0.847 0.870 0.889 0.923 0.946
1 0 0 1 1 1 15 0.000 0.000 0.000 0.188 0.663 0.741 0.785 0.810 0.889 0.894
## root/v2_2/medium_electron_UL2018/egammaEffi.txt_EGM2D_Ele23Leg1_MediumID_QPlus_hsseo_v2_1.root EGamma_EffData2D
ETA 1 2 16 -1 -2.5 -2.1 -1.8 -1.566 -1.444 -1.1 -0.8 -0.4 0.0 0.4 0.8 1.1 1.444 1.566 1.8 2.1 2.5
PT 1 2 10 -1 10.0 15.0 20.0 25.0 30.0 35.0 40.0 45.0 70.0 100.0 500.0
1 0 0 0 2 0 0 0.000 0.000 0.215 0.876 0.940 0.949 0.955 0.965 0.977 0.986
1 0 0 0 2 0 1 0.000 0.000 0.301 0.946 0.970 0.977 0.980 0.985 0.992 0.995
1 0 0 0 2 0 2 0.000 0.000 0.361 0.924 0.945 0.953 0.963 0.970 0.973 0.979
1 0 0 0 2 0 3 0.000 0.000 0.450 0.862 0.899 0.921 0.928 0.932 0.939 0.957
1 0 0 0 2 0 4 0.000 0.000 0.200 0.863 0.905 0.920 0.929 0.934 0.951 0.964
1 0 0 0 2 0 5 0.000 0.000 0.253 0.914 0.941 0.952 0.958 0.958 0.967 0.973
1 0 0 0 2 0 6 0.000 0.000 0.246 0.916 0.937 0.949 0.956 0.964 0.973 0.973
1 0 0 0 2 0 7 0.000 0.000 0.250 0.917 0.936 0.952 0.957 0.964 0.971 0.977
1 0 0 0 2 0 8 0.000 0.000 0.246 0.911 0.929 0.940 0.945 0.949 0.960 0.960
1 0 0 0 2 0 9 0.000 0.000 0.246 0.916 0.930 0.941 0.945 0.952 0.964 0.962
1 0 0 0 2 0 10 0.000 0.000 0.244 0.908 0.938 0.949 0.955 0.954 0.966 0.966
1 0 0 0 2 0 11 0.000 0.000 0.212 0.848 0.894 0.909 0.918 0.924 0.954 0.958
1 0 0 0 2 0 12 0.000 0.000 0.426 0.849 0.895 0.921 0.927 0.930 0.929 0.952
1 0 0 0 2 0 13 0.000 0.000 0.355 0.918 0.943 0.951 0.961 0.969 0.978 0.980
1 0 0 0 2 0 14 0.000 0.000 0.305 0.941 0.964 0.971 0.976 0.980 0.988 0.992
1 0 0 0 2 0 15 0.000 0.000 0.218 0.865 0.919 0.930 0.938 0.950 0.961 0.962
## root/v2_2/medium_electron_UL2018/egammaEffi.txt_EGM2D_Ele23Leg1_MediumID_QPlus_hsseo_v2_1.root EGamma_EffMC2D
ETA 1 2 16 -1 -2.5 -2.1 -1.8 -1.566 -1.444 -1.1 -0.8 -0.4 0.0 0.4 0.8 1.1 1.444 1.566 1.8 2.1 2.5
PT 1 2 10 -1 10.0 15.0 20.0 25.0 30.0 35.0 40.0 45.0 70.0 100.0 500.0
1 0 0 1 2 0 0 0.000 0.000 0.140 0.831 0.933 0.945 0.955 0.965 0.977 0.991
1 0 0 1 2 0 1 0.000 0.000 0.220 0.921 0.970 0.979 0.983 0.986 0.994 0.991
1 0 0 1 2 0 2 0.000 0.000 0.285 0.919 0.958 0.966 0.974 0.978 0.987 0.994
1 0 0 1 2 0 3 0.000 0.000 0.387 0.877 0.921 0.944 0.948 0.954 0.979 0.986
1 0 0 1 2 0 4 0.000 0.000 0.203 0.881 0.922 0.938 0.942 0.944 0.965 0.964
1 0 0 1 2 0 5 0.000 0.000 0.229 0.930 0.962 0.968 0.972 0.972 0.980 0.990
1 0 0 1 2 0 6 0.000 0.000 0.255 0.929 0.950 0.960 0.963 0.968 0.976 0.978
1 0 0 1 2 0 7 0.000 0.000 0.268 0.931 0.954 0.966 0.968 0.972 0.981 0.981
1 0 0 1 2 0 8 0.000 0.000 0.261 0.929 0.949 0.956 0.958 0.962 0.963 0.970
1 0 0 1 2 0 9 0.000 0.000 0.247 0.929 0.949 0.956 0.958 0.964 0.964 0.966
1 0 0 1 2 0 10 0.000 0.000 0.225 0.914 0.949 0.956 0.961 0.958 0.962 0.973
1 0 0 1 2 0 11 0.000 0.000 0.190 0.868 0.912 0.926 0.930 0.934 0.963 0.964
1 0 0 1 2 0 12 0.000 0.000 0.367 0.854 0.925 0.939 0.945 0.951 0.940 0.973
1 0 0 1 2 0 13 0.000 0.000 0.295 0.906 0.951 0.964 0.973 0.977 0.986 0.988
1 0 0 1 2 0 14 0.000 0.000 0.234 0.882 0.966 0.974 0.980 0.984 0.993 0.991
1 0 0 1 2 0 15 0.000 0.000 0.191 0.823 0.905 0.927 0.934 0.944 0.965 0.960
## root/v2_2/medium_electron_UL2018/egammaEffi.txt_EGM2D_Ele23Leg1_MediumID_QMinus_hsseo_v2_1.root EGamma_EffData2D
ETA 1 2 16 -1 -2.5 -2.1 -1.8 -1.566 -1.444 -1.1 -0.8 -0.4 0.0 0.4 0.8 1.1 1.444 1.566 1.8 2.1 2.5
PT 1 2 10 -1 10.0 15.0 20.0 25.0 30.0 35.0 40.0 45.0 70.0 100.0 500.0
1 0 0 0 2 1 0 0.000 0.000 0.217 0.877 0.937 0.949 0.955 0.964 0.982 0.980
1 0 0 0 2 1 1 0.000 0.000 0.295 0.952 0.970 0.977 0.980 0.983 0.992 0.994
1 0 0 0 2 1 2 0.000 0.000 0.385 0.927 0.947 0.954 0.964 0.971 0.975 0.978
1 0 0 0 2 1 3 0.000 0.000 0.463 0.867 0.901 0.921 0.930 0.933 0.943 0.970
1 0 0 0 2 1 4 0.000 0.000 0.203 0.867 0.907 0.923 0.929 0.935 0.955 0.962
1 0 0 0 2 1 5 0.000 0.000 0.247 0.916 0.943 0.954 0.960 0.959 0.967 0.971
1 0 0 0 2 1 6 0.000 0.000 0.259 0.919 0.940 0.953 0.958 0.965 0.975 0.971
1 0 0 0 2 1 7 0.000 0.000 0.252 0.924 0.944 0.955 0.959 0.964 0.975 0.976
1 0 0 0 2 1 8 0.000 0.000 0.247 0.902 0.921 0.936 0.943 0.948 0.960 0.959
1 0 0 0 2 1 9 0.000 0.000 0.246 0.907 0.925 0.938 0.944 0.952 0.960 0.961
1 0 0 0 2 1 10 0.000 0.000 0.242 0.906 0.937 0.948 0.953 0.954 0.963 0.967
1 0 0 0 2 1 11 0.000 0.000 0.202 0.842 0.892 0.910 0.917 0.924 0.951 0.956
1 0 0 0 2 1 12 0.000 0.000 0.426 0.845 0.901 0.923 0.924 0.933 0.931 0.959
1 0 0 0 2 1 13 0.000 0.000 0.343 0.918 0.944 0.953 0.963 0.970 0.973 0.977
1 0 0 0 2 1 14 0.000 0.000 0.292 0.943 0.963 0.972 0.976 0.981 0.990 0.995
1 0 0 0 2 1 15 0.000 0.000 0.223 0.863 0.918 0.929 0.937 0.950 0.957 0.965
## root/v2_2/medium_electron_UL2018/egammaEffi.txt_EGM2D_Ele23Leg1_MediumID_QMinus_hsseo_v2_1.root EGamma_EffMC2D
ETA 1 2 16 -1 -2.5 -2.1 -1.8 -1.566 -1.444 -1.1 -0.8 -0.4 0.0 0.4 0.8 1.1 1.444 1.566 1.8 2.1 2.5
PT 1 2 10 -1 10.0 15.0 20.0 25.0 30.0 35.0 40.0 45.0 70.0 100.0 500.0
1 0 0 1 2 1 0 0.000 0.000 0.140 0.830 0.930 0.944 0.954 0.964 0.983 0.989
1 0 0 1 2 1 1 0.000 0.000 0.241 0.919 0.971 0.979 0.983 0.986 0.993 0.994
1 0 0 1 2 1 2 0.000 0.000 0.278 0.923 0.957 0.965 0.974 0.979 0.979 0.996
1 0 0 1 2 1 3 0.000 0.000 0.359 0.882 0.931 0.939 0.953 0.954 0.950 0.961
1 0 0 1 2 1 4 0.000 0.000 0.214 0.882 0.923 0.938 0.943 0.946 0.965 0.973
1 0 0 1 2 1 5 0.000 0.000 0.231 0.934 0.962 0.970 0.974 0.972 0.979 0.979
1 0 0 1 2 1 6 0.000 0.000 0.255 0.932 0.954 0.961 0.964 0.969 0.975 0.978
1 0 0 1 2 1 7 0.000 0.000 0.262 0.940 0.958 0.968 0.969 0.972 0.974 0.983
1 0 0 1 2 1 8 0.000 0.000 0.250 0.921 0.944 0.954 0.958 0.960 0.971 0.969
1 0 0 1 2 1 9 0.000 0.000 0.246 0.923 0.945 0.955 0.958 0.962 0.973 0.967
1 0 0 1 2 1 10 0.000 0.000 0.227 0.917 0.947 0.957 0.960 0.958 0.971 0.980
1 0 0 1 2 1 11 0.000 0.000 0.190 0.867 0.909 0.922 0.931 0.934 0.960 0.967
1 0 0 1 2 1 12 0.000 0.000 0.373 0.855 0.924 0.942 0.942 0.952 0.972 0.976
1 0 0 1 2 1 13 0.000 0.000 0.312 0.907 0.954 0.960 0.973 0.978 0.983 0.988
1 0 0 1 2 1 14 0.000 0.000 0.233 0.879 0.965 0.977 0.981 0.985 0.992 0.996
1 0 0 1 2 1 15 0.000 0.000 0.192 0.834 0.910 0.924 0.935 0.943 0.965 0.958
## root/v2_2/medium_electron_UL2018/egammaEffi.txt_EGM2D_Ele12Leg2_MediumID_QPlus_hsseo_v2_1.root EGamma_EffData2D
ETA 1 3 16 -1 -2.5 -2.1 -1.8 -1.566 -1.444 -1.1 -0.8 -0.4 0.0 0.4 0.8 1.1 1.444 1.566 1.8 2.1 2.5
PT 1 3 10 -1 10.0 15.0 20.0 25.0 30.0 35.0 40.0 45.0 70.0 100.0 500.0
1 0 0 0 3 0 0 0.345 0.829 0.898 0.920 0.941 0.950 0.955 0.965 0.977 0.987
1 0 0 0 3 0 1 0.336 0.859 0.937 0.958 0.971 0.977 0.980 0.985 0.992 0.997
1 0 0 0 3 0 2 0.308 0.808 0.911 0.937 0.947 0.953 0.963 0.970 0.973 0.980
1 0 0 0 3 0 3 0.263 0.736 0.874 0.884 0.901 0.921 0.927 0.935 0.940 0.958
1 0 0 0 3 0 4 0.313 0.829 0.895 0.901 0.908 0.920 0.929 0.934 0.950 0.965
1 0 0 0 3 0 5 0.444 0.915 0.923 0.930 0.941 0.952 0.958 0.958 0.968 0.975
1 0 0 0 3 0 6 0.522 0.921 0.928 0.928 0.938 0.949 0.956 0.964 0.974 0.975
1 0 0 0 3 0 7 0.494 0.914 0.926 0.926 0.937 0.952 0.958 0.964 0.972 0.977
1 0 0 0 3 0 8 0.523 0.906 0.920 0.918 0.929 0.940 0.945 0.949 0.960 0.962
1 0 0 0 3 0 9 0.508 0.913 0.922 0.924 0.930 0.941 0.945 0.952 0.964 0.965
1 0 0 0 3 0 10 0.421 0.908 0.925 0.927 0.939 0.949 0.955 0.954 0.966 0.967
1 0 0 0 3 0 11 0.321 0.804 0.878 0.886 0.895 0.909 0.918 0.924 0.954 0.959
1 0 0 0 3 0 12 0.198 0.761 0.853 0.883 0.898 0.922 0.927 0.930 0.929 0.952
1 0 0 0 3 0 13 0.275 0.791 0.916 0.943 0.945 0.952 0.961 0.969 0.979 0.982
1 0 0 0 3 0 14 0.326 0.847 0.932 0.953 0.965 0.972 0.976 0.980 0.989 0.993
1 0 0 0 3 0 15 0.318 0.802 0.873 0.900 0.921 0.931 0.938 0.951 0.961 0.962
## root/v2_2/medium_electron_UL2018/egammaEffi.txt_EGM2D_Ele12Leg2_MediumID_QPlus_hsseo_v2_1.root EGamma_EffMC2D
ETA 1 3 16 -1 -2.5 -2.1 -1.8 -1.566 -1.444 -1.1 -0.8 -0.4 0.0 0.4 0.8 1.1 1.444 1.566 1.8 2.1 2.5
PT 1 3 10 -1 10.0 15.0 20.0 25.0 30.0 35.0 40.0 45.0 70.0 100.0 500.0
1 0 0 1 3 0 0 0.347 0.785 0.865 0.909 0.934 0.945 0.955 0.965 0.978 0.992
1 0 0 1 3 0 1 0.512 0.906 0.945 0.966 0.972 0.980 0.983 0.986 0.993 0.994
1 0 0 1 3 0 2 0.511 0.898 0.942 0.952 0.960 0.967 0.974 0.978 0.987 0.994
1 0 0 1 3 0 3 0.482 0.853 0.897 0.915 0.924 0.945 0.948 0.954 0.979 0.986
1 0 0 1 3 0 4 0.512 0.894 0.902 0.912 0.923 0.938 0.942 0.944 0.965 0.965
1 0 0 1 3 0 5 0.535 0.941 0.944 0.947 0.963 0.968 0.972 0.972 0.980 0.989
1 0 0 1 3 0 6 0.624 0.944 0.938 0.942 0.950 0.961 0.963 0.968 0.976 0.982
1 0 0 1 3 0 7 0.636 0.948 0.936 0.941 0.954 0.967 0.968 0.972 0.981 0.982
1 0 0 1 3 0 8 0.613 0.940 0.938 0.936 0.949 0.957 0.958 0.962 0.963 0.970
1 0 0 1 3 0 9 0.613 0.944 0.938 0.938 0.950 0.956 0.958 0.964 0.964 0.970
1 0 0 1 3 0 10 0.516 0.935 0.929 0.931 0.951 0.956 0.961 0.958 0.962 0.975
1 0 0 1 3 0 11 0.482 0.854 0.881 0.896 0.913 0.926 0.930 0.934 0.963 0.965
1 0 0 1 3 0 12 0.514 0.867 0.899 0.914 0.932 0.941 0.946 0.951 0.940 0.973
1 0 0 1 3 0 13 0.498 0.884 0.931 0.947 0.957 0.964 0.974 0.977 0.986 0.987
1 0 0 1 3 0 14 0.510 0.889 0.936 0.962 0.970 0.976 0.980 0.984 0.993 0.994
1 0 0 1 3 0 15 0.383 0.757 0.850 0.888 0.907 0.928 0.935 0.945 0.965 0.959
## root/v2_2/medium_electron_UL2018/egammaEffi.txt_EGM2D_Ele12Leg2_MediumID_QMinus_hsseo_v2_1.root EGamma_EffData2D
ETA 1 3 16 -1 -2.5 -2.1 -1.8 -1.566 -1.444 -1.1 -0.8 -0.4 0.0 0.4 0.8 1.1 1.444 1.566 1.8 2.1 2.5
PT 1 3 10 -1 10.0 15.0 20.0 25.0 30.0 35.0 40.0 45.0 70.0 100.0 500.0
1 0 0 0 3 1 0 0.315 0.812 0.894 0.919 0.938 0.949 0.955 0.964 0.982 0.981
1 0 0 0 3 1 1 0.351 0.855 0.946 0.962 0.971 0.977 0.980 0.983 0.992 0.994
1 0 0 0 3 1 2 0.303 0.812 0.917 0.938 0.949 0.955 0.964 0.971 0.976 0.978
1 0 0 0 3 1 3 0.184 0.757 0.872 0.886 0.902 0.921 0.930 0.933 0.943 0.971
1 0 0 0 3 1 4 0.323 0.822 0.891 0.905 0.909 0.924 0.929 0.935 0.955 0.964
1 0 0 0 3 1 5 0.413 0.913 0.933 0.933 0.944 0.954 0.960 0.959 0.967 0.973
1 0 0 0 3 1 6 0.513 0.928 0.937 0.932 0.940 0.953 0.958 0.965 0.975 0.973
1 0 0 0 3 1 7 0.561 0.916 0.929 0.933 0.944 0.955 0.959 0.964 0.975 0.978
1 0 0 0 3 1 8 0.536 0.908 0.913 0.909 0.922 0.936 0.943 0.948 0.961 0.960
1 0 0 0 3 1 9 0.514 0.919 0.924 0.916 0.925 0.938 0.944 0.952 0.960 0.963
1 0 0 0 3 1 10 0.428 0.917 0.927 0.926 0.937 0.948 0.953 0.954 0.963 0.968
1 0 0 0 3 1 11 0.308 0.816 0.869 0.877 0.894 0.910 0.917 0.924 0.951 0.957
1 0 0 0 3 1 12 0.264 0.737 0.856 0.881 0.905 0.923 0.925 0.934 0.931 0.962
1 0 0 0 3 1 13 0.273 0.785 0.909 0.937 0.946 0.954 0.963 0.970 0.973 0.979
1 0 0 0 3 1 14 0.341 0.847 0.931 0.953 0.965 0.972 0.976 0.981 0.990 0.997
1 0 0 0 3 1 15 0.324 0.802 0.873 0.903 0.919 0.930 0.938 0.950 0.957 0.965
## root/v2_2/medium_electron_UL2018/egammaEffi.txt_EGM2D_Ele12Leg2_MediumID_QMinus_hsseo_v2_1.root EGamma_EffMC2D
ETA 1 3 16 -1 -2.5 -2.1 -1.8 -1.566 -1.444 -1.1 -0.8 -0.4 0.0 0.4 0.8 1.1 1.444 1.566 1.8 2.1 2.5
PT 1 3 10 -1 10.0 15.0 20.0 25.0 30.0 35.0 40.0 45.0 70.0 100.0 500.0
1 0 0 1 3 1 0 0.380 0.776 0.872 0.910 0.931 0.944 0.954 0.965 0.984 0.990
1 0 0 1 3 1 1 0.493 0.907 0.946 0.963 0.973 0.980 0.983 0.986 0.993 0.998
1 0 0 1 3 1 2 0.494 0.884 0.932 0.954 0.958 0.965 0.974 0.979 0.979 0.999
1 0 0 1 3 1 3 0.519 0.880 0.903 0.914 0.935 0.939 0.953 0.954 0.950 0.962
1 0 0 1 3 1 4 0.550 0.890 0.907 0.914 0.924 0.938 0.943 0.946 0.966 0.974
1 0 0 1 3 1 5 0.527 0.943 0.948 0.950 0.963 0.970 0.974 0.972 0.979 0.980
1 0 0 1 3 1 6 0.627 0.943 0.939 0.945 0.955 0.961 0.964 0.969 0.975 0.978
1 0 0 1 3 1 7 0.667 0.940 0.942 0.949 0.959 0.968 0.969 0.972 0.974 0.983
1 0 0 1 3 1 8 0.634 0.934 0.925 0.929 0.944 0.954 0.958 0.961 0.971 0.969
1 0 0 1 3 1 9 0.628 0.930 0.932 0.933 0.945 0.955 0.958 0.962 0.973 0.971
1 0 0 1 3 1 10 0.527 0.926 0.928 0.935 0.949 0.957 0.960 0.958 0.971 0.982
1 0 0 1 3 1 11 0.487 0.864 0.880 0.897 0.911 0.922 0.931 0.934 0.960 0.970
1 0 0 1 3 1 12 0.508 0.866 0.894 0.908 0.931 0.944 0.943 0.952 0.972 0.975
1 0 0 1 3 1 13 0.503 0.903 0.926 0.948 0.958 0.961 0.973 0.978 0.983 0.988
1 0 0 1 3 1 14 0.464 0.904 0.943 0.961 0.968 0.978 0.981 0.985 0.992 0.996
1 0 0 1 3 1 15 0.379 0.779 0.846 0.890 0.912 0.925 0.935 0.943 0.966 0.959
