## root/v2_2/medium_electron_UL2016postVFP/egammaEffi.txt_EGM2D_MediumID_QPlus_hsseo_v2_1.root EGamma_EffData2D
ETA 1 0 16 -1 -2.5 -2.1 -1.8 -1.566 -1.444 -1.1 -0.8 -0.4 0.0 0.4 0.8 1.1 1.444 1.566 1.8 2.1 2.5
PT 1 0 10 -1 10.0 15.0 20.0 25.0 30.0 35.0 40.0 45.0 70.0 100.0 500.0
1 0 0 0 0 0 0 0.553 0.629 0.646 0.693 0.743 0.768 0.805 0.823 0.865 0.905
1 0 0 0 0 0 1 0.593 0.693 0.711 0.734 0.784 0.816 0.842 0.857 0.894 0.903
1 0 0 0 0 0 2 0.585 0.664 0.686 0.751 0.775 0.813 0.840 0.861 0.877 0.930
1 0 0 0 0 0 3 0.560 0.593 0.396 0.510 0.579 0.656 0.708 0.714 0.662 0.789
1 0 0 0 0 0 4 0.512 0.599 0.622 0.679 0.731 0.777 0.819 0.838 0.862 0.902
1 0 0 0 0 0 5 0.530 0.632 0.644 0.713 0.769 0.816 0.851 0.870 0.908 0.917
1 0 0 0 0 0 6 0.488 0.604 0.615 0.689 0.757 0.802 0.837 0.857 0.870 0.914
1 0 0 0 0 0 7 0.473 0.590 0.631 0.705 0.764 0.812 0.845 0.864 0.893 0.923
1 0 0 0 0 0 8 0.470 0.620 0.658 0.721 0.780 0.819 0.853 0.870 0.892 0.916
1 0 0 0 0 0 9 0.499 0.601 0.648 0.710 0.768 0.810 0.847 0.870 0.888 0.910
1 0 0 0 0 0 10 0.508 0.638 0.659 0.725 0.777 0.821 0.857 0.875 0.883 0.923
1 0 0 0 0 0 11 0.505 0.582 0.595 0.681 0.724 0.774 0.816 0.841 0.864 0.899
1 0 0 0 0 0 12 0.416 0.529 0.386 0.488 0.565 0.650 0.693 0.703 0.651 0.723
1 0 0 0 0 0 13 0.622 0.667 0.653 0.720 0.773 0.807 0.843 0.856 0.895 0.914
1 0 0 0 0 0 14 0.560 0.689 0.677 0.736 0.773 0.813 0.836 0.851 0.861 0.897
1 0 0 0 0 0 15 0.540 0.620 0.643 0.691 0.737 0.767 0.792 0.815 0.874 0.899
## root/v2_2/medium_electron_UL2016postVFP/egammaEffi.txt_EGM2D_MediumID_QPlus_hsseo_v2_1.root EGamma_EffMC2D
ETA 1 0 16 -1 -2.5 -2.1 -1.8 -1.566 -1.444 -1.1 -0.8 -0.4 0.0 0.4 0.8 1.1 1.444 1.566 1.8 2.1 2.5
PT 1 0 10 -1 10.0 15.0 20.0 25.0 30.0 35.0 40.0 45.0 70.0 100.0 500.0
1 0 0 1 0 0 0 0.567 0.640 0.627 0.681 0.730 0.761 0.792 0.815 0.856 0.881
1 0 0 1 0 0 1 0.619 0.687 0.706 0.750 0.789 0.819 0.844 0.859 0.890 0.875
1 0 0 1 0 0 2 0.607 0.668 0.679 0.742 0.779 0.811 0.839 0.856 0.876 0.891
1 0 0 1 0 0 3 0.402 0.504 0.383 0.483 0.572 0.637 0.700 0.721 0.667 0.771
1 0 0 1 0 0 4 0.486 0.601 0.630 0.689 0.742 0.792 0.835 0.856 0.870 0.900
1 0 0 1 0 0 5 0.545 0.641 0.668 0.731 0.783 0.829 0.866 0.887 0.906 0.910
1 0 0 1 0 0 6 0.528 0.629 0.654 0.717 0.776 0.824 0.859 0.883 0.896 0.910
1 0 0 1 0 0 7 0.482 0.598 0.675 0.739 0.794 0.835 0.870 0.889 0.903 0.917
1 0 0 1 0 0 8 0.471 0.600 0.679 0.741 0.793 0.836 0.867 0.887 0.908 0.905
1 0 0 1 0 0 9 0.523 0.613 0.660 0.718 0.780 0.822 0.857 0.879 0.897 0.910
1 0 0 1 0 0 10 0.564 0.639 0.671 0.729 0.784 0.829 0.863 0.884 0.901 0.917
1 0 0 1 0 0 11 0.496 0.604 0.630 0.692 0.747 0.788 0.830 0.853 0.873 0.889
1 0 0 1 0 0 12 0.444 0.491 0.397 0.488 0.570 0.640 0.700 0.713 0.675 0.681
1 0 0 1 0 0 13 0.592 0.672 0.666 0.731 0.780 0.814 0.838 0.859 0.863 0.915
1 0 0 1 0 0 14 0.626 0.698 0.691 0.744 0.784 0.816 0.840 0.860 0.892 0.907
1 0 0 1 0 0 15 0.566 0.630 0.636 0.685 0.739 0.770 0.802 0.823 0.870 0.889
## root/v2_2/medium_electron_UL2016postVFP/egammaEffi.txt_EGM2D_MediumID_QMinus_hsseo_v2_1.root EGamma_EffData2D
ETA 1 0 16 -1 -2.5 -2.1 -1.8 -1.566 -1.444 -1.1 -0.8 -0.4 0.0 0.4 0.8 1.1 1.444 1.566 1.8 2.1 2.5
PT 1 0 10 -1 10.0 15.0 20.0 25.0 30.0 35.0 40.0 45.0 70.0 100.0 500.0
1 0 0 0 0 1 0 0.557 0.598 0.638 0.685 0.733 0.772 0.802 0.819 0.864 0.920
1 0 0 0 0 1 1 0.643 0.689 0.705 0.738 0.784 0.815 0.837 0.860 0.888 0.918
1 0 0 0 0 1 2 0.625 0.683 0.677 0.736 0.784 0.814 0.837 0.860 0.887 0.930
1 0 0 0 0 1 3 0.521 0.575 0.394 0.511 0.587 0.655 0.722 0.719 0.703 0.755
1 0 0 0 0 1 4 0.494 0.631 0.617 0.664 0.738 0.780 0.822 0.840 0.846 0.898
1 0 0 0 0 1 5 0.530 0.638 0.663 0.724 0.777 0.819 0.850 0.873 0.893 0.928
1 0 0 0 0 1 6 0.529 0.611 0.632 0.695 0.759 0.801 0.839 0.859 0.871 0.911
1 0 0 0 0 1 7 0.522 0.599 0.628 0.713 0.773 0.812 0.845 0.864 0.899 0.918
1 0 0 0 0 1 8 0.529 0.584 0.627 0.720 0.773 0.819 0.849 0.867 0.894 0.923
1 0 0 0 0 1 9 0.566 0.620 0.629 0.709 0.762 0.808 0.846 0.866 0.888 0.915
1 0 0 0 0 1 10 0.549 0.653 0.647 0.713 0.768 0.818 0.855 0.871 0.902 0.919
1 0 0 0 0 1 11 0.508 0.580 0.596 0.663 0.713 0.767 0.815 0.839 0.859 0.898
1 0 0 0 0 1 12 0.463 0.516 0.397 0.495 0.577 0.633 0.699 0.699 0.671 0.744
1 0 0 0 0 1 13 0.561 0.687 0.638 0.732 0.776 0.810 0.840 0.854 0.877 0.923
1 0 0 0 0 1 14 0.607 0.667 0.681 0.734 0.779 0.807 0.836 0.847 0.891 0.914
1 0 0 0 0 1 15 0.514 0.611 0.649 0.685 0.729 0.764 0.798 0.816 0.868 0.868
## root/v2_2/medium_electron_UL2016postVFP/egammaEffi.txt_EGM2D_MediumID_QMinus_hsseo_v2_1.root EGamma_EffMC2D
ETA 1 0 16 -1 -2.5 -2.1 -1.8 -1.566 -1.444 -1.1 -0.8 -0.4 0.0 0.4 0.8 1.1 1.444 1.566 1.8 2.1 2.5
PT 1 0 10 -1 10.0 15.0 20.0 25.0 30.0 35.0 40.0 45.0 70.0 100.0 500.0
1 0 0 1 0 1 0 0.552 0.633 0.623 0.678 0.729 0.761 0.796 0.816 0.850 0.884
1 0 0 1 0 1 1 0.638 0.700 0.697 0.747 0.788 0.818 0.844 0.862 0.888 0.909
1 0 0 1 0 1 2 0.594 0.674 0.684 0.740 0.781 0.810 0.838 0.856 0.881 0.894
1 0 0 1 0 1 3 0.456 0.509 0.383 0.481 0.569 0.637 0.706 0.720 0.670 0.713
1 0 0 1 0 1 4 0.498 0.602 0.630 0.697 0.748 0.794 0.837 0.860 0.875 0.902
1 0 0 1 0 1 5 0.552 0.642 0.685 0.740 0.790 0.833 0.867 0.886 0.904 0.917
1 0 0 1 0 1 6 0.529 0.632 0.661 0.717 0.782 0.827 0.861 0.882 0.897 0.908
1 0 0 1 0 1 7 0.481 0.611 0.674 0.744 0.797 0.837 0.872 0.891 0.904 0.919
1 0 0 1 0 1 8 0.465 0.607 0.675 0.733 0.790 0.831 0.865 0.885 0.904 0.908
1 0 0 1 0 1 9 0.491 0.631 0.653 0.712 0.772 0.819 0.855 0.877 0.895 0.908
1 0 0 1 0 1 10 0.548 0.642 0.664 0.725 0.780 0.822 0.859 0.881 0.897 0.905
1 0 0 1 0 1 11 0.500 0.582 0.626 0.685 0.738 0.782 0.827 0.850 0.874 0.884
1 0 0 1 0 1 12 0.443 0.485 0.396 0.485 0.566 0.642 0.699 0.710 0.658 0.690
1 0 0 1 0 1 13 0.565 0.663 0.662 0.732 0.778 0.811 0.842 0.861 0.881 0.905
1 0 0 1 0 1 14 0.617 0.690 0.700 0.744 0.786 0.817 0.845 0.862 0.884 0.913
1 0 0 1 0 1 15 0.556 0.637 0.639 0.691 0.738 0.769 0.800 0.821 0.865 0.879
## root/v2_2/medium_electron_UL2016postVFP/egammaEffi.txt_EGM2D_Ele27_MediumID_QPlus_hsseo_v2_1.root EGamma_EffData2D
ETA 1 1 16 -1 -2.5 -2.1 -1.8 -1.566 -1.444 -1.1 -0.8 -0.4 0.0 0.4 0.8 1.1 1.444 1.566 1.8 2.1 2.5
PT 1 1 10 -1 10.0 15.0 20.0 25.0 30.0 35.0 40.0 45.0 70.0 100.0 500.0
1 0 0 0 1 0 0 0.000 0.000 0.000 0.119 0.367 0.472 0.550 0.625 0.764 0.859
1 0 0 0 1 0 1 0.000 0.000 0.000 0.219 0.503 0.624 0.690 0.744 0.837 0.895
1 0 0 0 1 0 2 0.000 0.000 0.000 0.246 0.505 0.622 0.698 0.750 0.848 0.876
1 0 0 0 1 0 3 0.000 0.000 0.000 0.307 0.595 0.684 0.744 0.788 0.807 0.835
1 0 0 0 1 0 4 0.000 0.000 0.000 0.326 0.663 0.761 0.810 0.843 0.910 0.939
1 0 0 0 1 0 5 0.000 0.000 0.000 0.384 0.741 0.804 0.834 0.855 0.922 0.937
1 0 0 0 1 0 6 0.000 0.000 0.000 0.366 0.722 0.790 0.816 0.847 0.900 0.924
1 0 0 0 1 0 7 0.000 0.000 0.000 0.331 0.653 0.723 0.758 0.801 0.876 0.924
1 0 0 0 1 0 8 0.000 0.000 0.000 0.341 0.658 0.722 0.756 0.793 0.883 0.910
1 0 0 0 1 0 9 0.000 0.000 0.000 0.390 0.730 0.793 0.819 0.848 0.901 0.934
1 0 0 0 1 0 10 0.000 0.000 0.000 0.373 0.737 0.810 0.837 0.862 0.919 0.943
1 0 0 0 1 0 11 0.000 0.000 0.000 0.300 0.668 0.765 0.809 0.845 0.910 0.927
1 0 0 0 1 0 12 0.000 0.000 0.000 0.286 0.574 0.672 0.736 0.772 0.796 0.835
1 0 0 0 1 0 13 0.000 0.000 0.000 0.222 0.492 0.624 0.695 0.750 0.810 0.869
1 0 0 0 1 0 14 0.000 0.000 0.000 0.198 0.498 0.632 0.699 0.751 0.838 0.889
1 0 0 0 1 0 15 0.000 0.000 0.000 0.105 0.347 0.476 0.550 0.626 0.782 0.824
## root/v2_2/medium_electron_UL2016postVFP/egammaEffi.txt_EGM2D_Ele27_MediumID_QPlus_hsseo_v2_1.root EGamma_EffMC2D
ETA 1 1 16 -1 -2.5 -2.1 -1.8 -1.566 -1.444 -1.1 -0.8 -0.4 0.0 0.4 0.8 1.1 1.444 1.566 1.8 2.1 2.5
PT 1 1 10 -1 10.0 15.0 20.0 25.0 30.0 35.0 40.0 45.0 70.0 100.0 500.0
1 0 0 1 1 0 0 0.000 0.000 0.000 0.399 0.507 0.567 0.620 0.679 0.805 0.882
1 0 0 1 1 0 1 0.000 0.000 0.000 0.382 0.631 0.704 0.752 0.795 0.853 0.900
1 0 0 1 1 0 2 0.000 0.000 0.000 0.262 0.600 0.701 0.756 0.799 0.860 0.877
1 0 0 1 1 0 3 0.000 0.000 0.000 0.223 0.578 0.697 0.753 0.800 0.830 0.883
1 0 0 1 1 0 4 0.000 0.000 0.000 0.199 0.661 0.772 0.819 0.853 0.921 0.947
1 0 0 1 1 0 5 0.000 0.000 0.000 0.286 0.753 0.820 0.852 0.877 0.924 0.952
1 0 0 1 1 0 6 0.000 0.000 0.000 0.344 0.749 0.808 0.838 0.869 0.924 0.952
1 0 0 1 1 0 7 0.000 0.000 0.000 0.363 0.718 0.771 0.809 0.841 0.909 0.948
1 0 0 1 1 0 8 0.000 0.000 0.000 0.358 0.733 0.781 0.813 0.843 0.904 0.938
1 0 0 1 1 0 9 0.000 0.000 0.000 0.359 0.757 0.815 0.842 0.872 0.917 0.949
1 0 0 1 1 0 10 0.000 0.000 0.000 0.303 0.769 0.826 0.859 0.881 0.924 0.954
1 0 0 1 1 0 11 0.000 0.000 0.000 0.203 0.665 0.782 0.829 0.861 0.922 0.957
1 0 0 1 1 0 12 0.000 0.000 0.000 0.223 0.573 0.688 0.749 0.789 0.845 0.877
1 0 0 1 1 0 13 0.000 0.000 0.000 0.228 0.601 0.703 0.761 0.805 0.864 0.885
1 0 0 1 1 0 14 0.000 0.000 0.000 0.293 0.635 0.726 0.767 0.804 0.869 0.898
1 0 0 1 1 0 15 0.000 0.000 0.000 0.392 0.561 0.618 0.665 0.716 0.837 0.890
## root/v2_2/medium_electron_UL2016postVFP/egammaEffi.txt_EGM2D_Ele27_MediumID_QMinus_hsseo_v2_1.root EGamma_EffData2D
ETA 1 1 16 -1 -2.5 -2.1 -1.8 -1.566 -1.444 -1.1 -0.8 -0.4 0.0 0.4 0.8 1.1 1.444 1.566 1.8 2.1 2.5
PT 1 1 10 -1 10.0 15.0 20.0 25.0 30.0 35.0 40.0 45.0 70.0 100.0 500.0
1 0 0 0 1 1 0 0.000 0.000 0.000 0.124 0.369 0.476 0.549 0.617 0.784 0.874
1 0 0 0 1 1 1 0.000 0.000 0.000 0.221 0.515 0.630 0.694 0.745 0.836 0.893
1 0 0 0 1 1 2 0.000 0.000 0.000 0.246 0.516 0.637 0.703 0.758 0.851 0.868
1 0 0 0 1 1 3 0.000 0.000 0.000 0.321 0.612 0.692 0.750 0.783 0.841 0.867
1 0 0 0 1 1 4 0.000 0.000 0.000 0.317 0.663 0.760 0.810 0.844 0.902 0.937
1 0 0 0 1 1 5 0.000 0.000 0.000 0.390 0.740 0.804 0.831 0.855 0.911 0.940
1 0 0 0 1 1 6 0.000 0.000 0.000 0.370 0.726 0.790 0.817 0.848 0.902 0.930
1 0 0 0 1 1 7 0.000 0.000 0.000 0.335 0.655 0.729 0.761 0.802 0.884 0.931
1 0 0 0 1 1 8 0.000 0.000 0.000 0.341 0.649 0.719 0.751 0.792 0.870 0.911
1 0 0 0 1 1 9 0.000 0.000 0.000 0.394 0.726 0.792 0.815 0.847 0.905 0.931
1 0 0 0 1 1 10 0.000 0.000 0.000 0.377 0.741 0.810 0.836 0.863 0.912 0.936
1 0 0 0 1 1 11 0.000 0.000 0.000 0.300 0.668 0.763 0.813 0.846 0.904 0.948
1 0 0 0 1 1 12 0.000 0.000 0.000 0.299 0.580 0.674 0.738 0.782 0.849 0.824
1 0 0 0 1 1 13 0.000 0.000 0.000 0.232 0.509 0.633 0.706 0.760 0.844 0.858
1 0 0 0 1 1 14 0.000 0.000 0.000 0.206 0.502 0.632 0.699 0.755 0.834 0.885
1 0 0 0 1 1 15 0.000 0.000 0.000 0.106 0.350 0.476 0.553 0.630 0.792 0.883
## root/v2_2/medium_electron_UL2016postVFP/egammaEffi.txt_EGM2D_Ele27_MediumID_QMinus_hsseo_v2_1.root EGamma_EffMC2D
ETA 1 1 16 -1 -2.5 -2.1 -1.8 -1.566 -1.444 -1.1 -0.8 -0.4 0.0 0.4 0.8 1.1 1.444 1.566 1.8 2.1 2.5
PT 1 1 10 -1 10.0 15.0 20.0 25.0 30.0 35.0 40.0 45.0 70.0 100.0 500.0
1 0 0 1 1 1 0 0.000 0.000 0.000 0.400 0.507 0.569 0.620 0.681 0.812 0.876
1 0 0 1 1 1 1 0.000 0.000 0.000 0.379 0.630 0.711 0.753 0.792 0.875 0.911
1 0 0 1 1 1 2 0.000 0.000 0.000 0.276 0.612 0.709 0.760 0.801 0.868 0.906
1 0 0 1 1 1 3 0.000 0.000 0.000 0.244 0.584 0.709 0.759 0.795 0.840 0.882
1 0 0 1 1 1 4 0.000 0.000 0.000 0.199 0.659 0.771 0.821 0.854 0.910 0.948
1 0 0 1 1 1 5 0.000 0.000 0.000 0.290 0.755 0.823 0.855 0.876 0.930 0.953
1 0 0 1 1 1 6 0.000 0.000 0.000 0.351 0.756 0.811 0.841 0.870 0.919 0.945
1 0 0 1 1 1 7 0.000 0.000 0.000 0.359 0.727 0.777 0.811 0.842 0.900 0.940
1 0 0 1 1 1 8 0.000 0.000 0.000 0.359 0.720 0.773 0.811 0.843 0.904 0.941
1 0 0 1 1 1 9 0.000 0.000 0.000 0.356 0.750 0.808 0.840 0.871 0.924 0.941
1 0 0 1 1 1 10 0.000 0.000 0.000 0.308 0.760 0.824 0.858 0.880 0.928 0.954
1 0 0 1 1 1 11 0.000 0.000 0.000 0.203 0.665 0.777 0.826 0.860 0.921 0.953
1 0 0 1 1 1 12 0.000 0.000 0.000 0.234 0.573 0.694 0.753 0.789 0.825 0.886
1 0 0 1 1 1 13 0.000 0.000 0.000 0.243 0.617 0.713 0.770 0.807 0.845 0.900
1 0 0 1 1 1 14 0.000 0.000 0.000 0.299 0.641 0.726 0.768 0.803 0.866 0.889
1 0 0 1 1 1 15 0.000 0.000 0.000 0.395 0.564 0.622 0.669 0.721 0.846 0.907
## root/v2_2/medium_electron_UL2016postVFP/egammaEffi.txt_EGM2D_Ele23Leg1_MediumID_QPlus_hsseo_v2_1.root EGamma_EffData2D
ETA 1 2 16 -1 -2.5 -2.1 -1.8 -1.566 -1.444 -1.1 -0.8 -0.4 0.0 0.4 0.8 1.1 1.444 1.566 1.8 2.1 2.5
PT 1 2 10 -1 10.0 15.0 20.0 25.0 30.0 35.0 40.0 45.0 70.0 100.0 500.0
1 0 0 0 2 0 0 0.000 0.000 0.260 0.879 0.946 0.960 0.968 0.978 0.988 0.989
1 0 0 0 2 0 1 0.000 0.000 0.416 0.961 0.977 0.983 0.984 0.986 0.994 0.998
1 0 0 0 2 0 2 0.000 0.000 0.513 0.949 0.969 0.972 0.982 0.984 0.996 0.993
1 0 0 0 2 0 3 0.000 0.000 0.588 0.942 0.956 0.965 0.965 0.975 0.964 0.926
1 0 0 0 2 0 4 0.000 0.000 0.432 0.933 0.951 0.959 0.966 0.969 0.983 0.979
1 0 0 0 2 0 5 0.000 0.000 0.476 0.939 0.959 0.966 0.968 0.967 0.982 0.973
1 0 0 0 2 0 6 0.000 0.000 0.463 0.939 0.956 0.964 0.968 0.974 0.982 0.970
1 0 0 0 2 0 7 0.000 0.000 0.489 0.915 0.938 0.956 0.960 0.967 0.981 0.977
1 0 0 0 2 0 8 0.000 0.000 0.496 0.917 0.931 0.946 0.950 0.957 0.976 0.972
1 0 0 0 2 0 9 0.000 0.000 0.474 0.942 0.957 0.965 0.968 0.972 0.983 0.981
1 0 0 0 2 0 10 0.000 0.000 0.449 0.946 0.960 0.970 0.972 0.971 0.982 0.985
1 0 0 0 2 0 11 0.000 0.000 0.433 0.937 0.960 0.967 0.972 0.974 0.984 0.991
1 0 0 0 2 0 12 0.000 0.000 0.507 0.933 0.962 0.968 0.972 0.978 0.957 0.961
1 0 0 0 2 0 13 0.000 0.000 0.453 0.942 0.967 0.977 0.982 0.985 0.998 0.995
1 0 0 0 2 0 14 0.000 0.000 0.375 0.954 0.973 0.981 0.984 0.986 0.991 0.997
1 0 0 0 2 0 15 0.000 0.000 0.218 0.832 0.922 0.951 0.961 0.971 0.985 0.993
## root/v2_2/medium_electron_UL2016postVFP/egammaEffi.txt_EGM2D_Ele23Leg1_MediumID_QPlus_hsseo_v2_1.root EGamma_EffMC2D
ETA 1 2 16 -1 -2.5 -2.1 -1.8 -1.566 -1.444 -1.1 -0.8 -0.4 0.0 0.4 0.8 1.1 1.444 1.566 1.8 2.1 2.5
PT 1 2 10 -1 10.0 15.0 20.0 25.0 30.0 35.0 40.0 45.0 70.0 100.0 500.0
1 0 0 1 2 0 0 0.000 0.000 0.836 0.956 0.965 0.968 0.975 0.982 0.994 0.989
1 0 0 1 2 0 1 0.000 0.000 0.586 0.960 0.976 0.982 0.985 0.989 0.994 0.992
1 0 0 1 2 0 2 0.000 0.000 0.366 0.944 0.968 0.972 0.982 0.988 0.996 0.984
1 0 0 1 2 0 3 0.000 0.000 0.420 0.907 0.955 0.967 0.974 0.978 0.978 0.996
1 0 0 1 2 0 4 0.000 0.000 0.201 0.905 0.953 0.963 0.970 0.975 0.986 0.987
1 0 0 1 2 0 5 0.000 0.000 0.268 0.936 0.962 0.971 0.977 0.977 0.986 0.988
1 0 0 1 2 0 6 0.000 0.000 0.318 0.947 0.961 0.972 0.976 0.980 0.988 0.986
1 0 0 1 2 0 7 0.000 0.000 0.360 0.946 0.959 0.970 0.975 0.978 0.986 0.986
1 0 0 1 2 0 8 0.000 0.000 0.352 0.953 0.964 0.974 0.977 0.979 0.988 0.987
1 0 0 1 2 0 9 0.000 0.000 0.343 0.958 0.967 0.978 0.980 0.985 0.990 0.991
1 0 0 1 2 0 10 0.000 0.000 0.294 0.944 0.968 0.977 0.982 0.981 0.987 0.990
1 0 0 1 2 0 11 0.000 0.000 0.202 0.912 0.961 0.969 0.976 0.978 0.989 0.992
1 0 0 1 2 0 12 0.000 0.000 0.404 0.893 0.955 0.969 0.977 0.980 0.981 0.996
1 0 0 1 2 0 13 0.000 0.000 0.290 0.928 0.965 0.974 0.986 0.989 0.996 0.996
1 0 0 1 2 0 14 0.000 0.000 0.389 0.941 0.976 0.982 0.986 0.989 0.994 0.997
1 0 0 1 2 0 15 0.000 0.000 0.632 0.947 0.964 0.969 0.977 0.981 0.993 0.996
## root/v2_2/medium_electron_UL2016postVFP/egammaEffi.txt_EGM2D_Ele23Leg1_MediumID_QMinus_hsseo_v2_1.root EGamma_EffData2D
ETA 1 2 16 -1 -2.5 -2.1 -1.8 -1.566 -1.444 -1.1 -0.8 -0.4 0.0 0.4 0.8 1.1 1.444 1.566 1.8 2.1 2.5
PT 1 2 10 -1 10.0 15.0 20.0 25.0 30.0 35.0 40.0 45.0 70.0 100.0 500.0
1 0 0 0 2 1 0 0.000 0.000 0.248 0.882 0.944 0.961 0.968 0.975 0.993 0.994
1 0 0 0 2 1 1 0.000 0.000 0.414 0.957 0.977 0.983 0.985 0.986 0.992 0.999
1 0 0 0 2 1 2 0.000 0.000 0.519 0.947 0.963 0.974 0.981 0.985 0.995 0.997
1 0 0 0 2 1 3 0.000 0.000 0.540 0.939 0.957 0.961 0.966 0.970 0.971 0.968
1 0 0 0 2 1 4 0.000 0.000 0.441 0.933 0.955 0.960 0.966 0.969 0.978 0.984
1 0 0 0 2 1 5 0.000 0.000 0.479 0.943 0.958 0.966 0.969 0.967 0.978 0.979
1 0 0 0 2 1 6 0.000 0.000 0.474 0.943 0.958 0.965 0.969 0.974 0.983 0.979
1 0 0 0 2 1 7 0.000 0.000 0.488 0.925 0.939 0.957 0.960 0.967 0.981 0.982
1 0 0 0 2 1 8 0.000 0.000 0.483 0.906 0.929 0.946 0.950 0.957 0.972 0.974
1 0 0 0 2 1 9 0.000 0.000 0.487 0.941 0.954 0.964 0.967 0.973 0.983 0.976
1 0 0 0 2 1 10 0.000 0.000 0.440 0.942 0.961 0.969 0.971 0.971 0.983 0.977
1 0 0 0 2 1 11 0.000 0.000 0.431 0.934 0.957 0.966 0.972 0.974 0.982 0.989
1 0 0 0 2 1 12 0.000 0.000 0.508 0.939 0.963 0.966 0.975 0.976 0.967 0.935
1 0 0 0 2 1 13 0.000 0.000 0.456 0.948 0.970 0.977 0.983 0.987 0.994 0.991
1 0 0 0 2 1 14 0.000 0.000 0.384 0.952 0.972 0.981 0.983 0.985 0.995 0.994
1 0 0 0 2 1 15 0.000 0.000 0.228 0.842 0.920 0.953 0.962 0.970 0.992 0.998
## root/v2_2/medium_electron_UL2016postVFP/egammaEffi.txt_EGM2D_Ele23Leg1_MediumID_QMinus_hsseo_v2_1.root EGamma_EffMC2D
ETA 1 2 16 -1 -2.5 -2.1 -1.8 -1.566 -1.444 -1.1 -0.8 -0.4 0.0 0.4 0.8 1.1 1.444 1.566 1.8 2.1 2.5
PT 1 2 10 -1 10.0 15.0 20.0 25.0 30.0 35.0 40.0 45.0 70.0 100.0 500.0
1 0 0 1 2 1 0 0.000 0.000 0.836 0.952 0.964 0.969 0.974 0.981 0.992 0.992
1 0 0 1 2 1 1 0.000 0.000 0.585 0.958 0.975 0.983 0.986 0.988 0.995 0.996
1 0 0 1 2 1 2 0.000 0.000 0.363 0.945 0.967 0.972 0.982 0.988 0.995 0.996
1 0 0 1 2 1 3 0.000 0.000 0.406 0.915 0.955 0.969 0.976 0.977 0.980 0.987
1 0 0 1 2 1 4 0.000 0.000 0.198 0.910 0.954 0.964 0.971 0.976 0.985 0.990
1 0 0 1 2 1 5 0.000 0.000 0.269 0.940 0.963 0.973 0.979 0.977 0.983 0.989
1 0 0 1 2 1 6 0.000 0.000 0.328 0.952 0.964 0.973 0.977 0.981 0.986 0.988
1 0 0 1 2 1 7 0.000 0.000 0.357 0.950 0.962 0.972 0.975 0.978 0.986 0.989
1 0 0 1 2 1 8 0.000 0.000 0.349 0.946 0.961 0.971 0.976 0.979 0.987 0.990
1 0 0 1 2 1 9 0.000 0.000 0.329 0.952 0.966 0.976 0.979 0.984 0.991 0.990
1 0 0 1 2 1 10 0.000 0.000 0.281 0.942 0.965 0.975 0.981 0.979 0.989 0.994
1 0 0 1 2 1 11 0.000 0.000 0.203 0.912 0.959 0.967 0.974 0.977 0.985 0.993
1 0 0 1 2 1 12 0.000 0.000 0.385 0.901 0.957 0.968 0.973 0.975 0.978 0.996
1 0 0 1 2 1 13 0.000 0.000 0.291 0.932 0.967 0.973 0.985 0.989 0.994 0.995
1 0 0 1 2 1 14 0.000 0.000 0.384 0.940 0.974 0.983 0.985 0.989 0.993 0.996
1 0 0 1 2 1 15 0.000 0.000 0.630 0.946 0.963 0.969 0.975 0.982 0.995 1.000
## root/v2_2/medium_electron_UL2016postVFP/egammaEffi.txt_EGM2D_Ele12Leg2_MediumID_QPlus_hsseo_v2_1.root EGamma_EffData2D
ETA 1 3 16 -1 -2.5 -2.1 -1.8 -1.566 -1.444 -1.1 -0.8 -0.4 0.0 0.4 0.8 1.1 1.444 1.566 1.8 2.1 2.5
PT 1 3 10 -1 10.0 15.0 20.0 25.0 30.0 35.0 40.0 45.0 70.0 100.0 500.0
1 0 0 0 3 0 0 0.342 0.759 0.851 0.918 0.946 0.960 0.968 0.978 0.989 0.989
1 0 0 0 3 0 1 0.415 0.849 0.941 0.974 0.977 0.983 0.984 0.986 0.994 0.997
1 0 0 0 3 0 2 0.399 0.830 0.926 0.957 0.969 0.973 0.982 0.984 0.996 0.994
1 0 0 0 3 0 3 0.479 0.902 0.934 0.949 0.959 0.965 0.965 0.975 0.966 0.925
1 0 0 0 3 0 4 0.541 0.887 0.926 0.941 0.951 0.959 0.967 0.969 0.983 0.981
1 0 0 0 3 0 5 0.671 0.914 0.934 0.943 0.959 0.965 0.968 0.967 0.982 0.975
1 0 0 0 3 0 6 0.701 0.932 0.942 0.944 0.956 0.964 0.968 0.974 0.982 0.972
1 0 0 0 3 0 7 0.645 0.896 0.913 0.919 0.938 0.956 0.960 0.967 0.981 0.978
1 0 0 0 3 0 8 0.683 0.887 0.907 0.920 0.931 0.946 0.950 0.958 0.976 0.974
1 0 0 0 3 0 9 0.692 0.917 0.946 0.947 0.957 0.965 0.968 0.972 0.983 0.981
1 0 0 0 3 0 10 0.632 0.931 0.939 0.955 0.960 0.970 0.972 0.971 0.982 0.985
1 0 0 0 3 0 11 0.549 0.901 0.932 0.947 0.960 0.967 0.972 0.975 0.984 0.991
1 0 0 0 3 0 12 0.500 0.875 0.925 0.950 0.963 0.968 0.972 0.978 0.957 0.961
1 0 0 0 3 0 13 0.373 0.810 0.925 0.956 0.968 0.977 0.982 0.985 0.998 0.995
1 0 0 0 3 0 14 0.417 0.836 0.932 0.968 0.974 0.981 0.984 0.986 0.991 0.999
1 0 0 0 3 0 15 0.319 0.723 0.807 0.870 0.924 0.952 0.962 0.971 0.986 0.993
## root/v2_2/medium_electron_UL2016postVFP/egammaEffi.txt_EGM2D_Ele12Leg2_MediumID_QPlus_hsseo_v2_1.root EGamma_EffMC2D
ETA 1 3 16 -1 -2.5 -2.1 -1.8 -1.566 -1.444 -1.1 -0.8 -0.4 0.0 0.4 0.8 1.1 1.444 1.566 1.8 2.1 2.5
PT 1 3 10 -1 10.0 15.0 20.0 25.0 30.0 35.0 40.0 45.0 70.0 100.0 500.0
1 0 0 1 3 0 0 0.654 0.884 0.933 0.958 0.965 0.969 0.976 0.982 0.994 0.989
1 0 0 1 3 0 1 0.592 0.906 0.951 0.967 0.977 0.982 0.986 0.989 0.994 0.994
1 0 0 1 3 0 2 0.500 0.869 0.926 0.954 0.968 0.972 0.982 0.988 0.996 0.984
1 0 0 1 3 0 3 0.472 0.851 0.920 0.937 0.956 0.967 0.974 0.978 0.978 1.000
1 0 0 1 3 0 4 0.512 0.880 0.912 0.934 0.954 0.963 0.970 0.975 0.986 0.991
1 0 0 1 3 0 5 0.567 0.914 0.929 0.950 0.962 0.971 0.977 0.977 0.986 0.991
1 0 0 1 3 0 6 0.653 0.920 0.936 0.954 0.962 0.972 0.976 0.980 0.988 0.989
1 0 0 1 3 0 7 0.671 0.905 0.927 0.951 0.959 0.970 0.975 0.978 0.986 0.987
1 0 0 1 3 0 8 0.697 0.922 0.941 0.956 0.964 0.974 0.977 0.979 0.988 0.990
1 0 0 1 3 0 9 0.652 0.941 0.951 0.963 0.968 0.978 0.980 0.985 0.990 0.993
1 0 0 1 3 0 10 0.574 0.930 0.941 0.956 0.968 0.977 0.982 0.981 0.987 0.991
1 0 0 1 3 0 11 0.520 0.894 0.920 0.944 0.961 0.969 0.976 0.978 0.989 0.993
1 0 0 1 3 0 12 0.552 0.856 0.914 0.930 0.957 0.970 0.977 0.980 0.981 0.996
1 0 0 1 3 0 13 0.473 0.878 0.925 0.957 0.967 0.974 0.986 0.989 0.997 0.997
1 0 0 1 3 0 14 0.492 0.909 0.948 0.969 0.977 0.983 0.986 0.989 0.994 1.000
1 0 0 1 3 0 15 0.610 0.880 0.930 0.954 0.965 0.970 0.977 0.981 0.993 0.998
## root/v2_2/medium_electron_UL2016postVFP/egammaEffi.txt_EGM2D_Ele12Leg2_MediumID_QMinus_hsseo_v2_1.root EGamma_EffData2D
ETA 1 3 16 -1 -2.5 -2.1 -1.8 -1.566 -1.444 -1.1 -0.8 -0.4 0.0 0.4 0.8 1.1 1.444 1.566 1.8 2.1 2.5
PT 1 3 10 -1 10.0 15.0 20.0 25.0 30.0 35.0 40.0 45.0 70.0 100.0 500.0
1 0 0 0 3 1 0 0.355 0.735 0.863 0.912 0.945 0.962 0.968 0.975 0.991 0.996
1 0 0 0 3 1 1 0.448 0.850 0.948 0.971 0.977 0.983 0.985 0.986 0.993 0.999
1 0 0 0 3 1 2 0.390 0.817 0.920 0.957 0.964 0.974 0.981 0.985 0.995 0.998
1 0 0 0 3 1 3 0.532 0.862 0.922 0.954 0.958 0.961 0.966 0.970 0.971 0.968
1 0 0 0 3 1 4 0.611 0.901 0.923 0.940 0.956 0.960 0.966 0.969 0.978 0.985
1 0 0 0 3 1 5 0.642 0.937 0.937 0.948 0.959 0.966 0.969 0.967 0.978 0.981
1 0 0 0 3 1 6 0.690 0.935 0.946 0.948 0.958 0.965 0.969 0.974 0.983 0.979
1 0 0 0 3 1 7 0.674 0.897 0.918 0.930 0.940 0.957 0.960 0.967 0.981 0.983
1 0 0 0 3 1 8 0.707 0.878 0.898 0.908 0.930 0.946 0.950 0.956 0.972 0.975
1 0 0 0 3 1 9 0.684 0.937 0.939 0.945 0.954 0.964 0.967 0.973 0.983 0.978
1 0 0 0 3 1 10 0.632 0.930 0.939 0.949 0.962 0.969 0.971 0.971 0.983 0.979
1 0 0 0 3 1 11 0.594 0.887 0.932 0.944 0.958 0.966 0.972 0.974 0.982 0.990
1 0 0 0 3 1 12 0.457 0.846 0.913 0.950 0.964 0.966 0.975 0.976 0.967 0.935
1 0 0 0 3 1 13 0.367 0.812 0.937 0.960 0.971 0.977 0.983 0.987 0.995 0.995
1 0 0 0 3 1 14 0.371 0.840 0.941 0.963 0.973 0.982 0.983 0.985 0.996 0.998
1 0 0 0 3 1 15 0.336 0.710 0.808 0.876 0.921 0.954 0.963 0.971 0.988 0.998
## root/v2_2/medium_electron_UL2016postVFP/egammaEffi.txt_EGM2D_Ele12Leg2_MediumID_QMinus_hsseo_v2_1.root EGamma_EffMC2D
ETA 1 3 16 -1 -2.5 -2.1 -1.8 -1.566 -1.444 -1.1 -0.8 -0.4 0.0 0.4 0.8 1.1 1.444 1.566 1.8 2.1 2.5
PT 1 3 10 -1 10.0 15.0 20.0 25.0 30.0 35.0 40.0 45.0 70.0 100.0 500.0
1 0 0 1 3 1 0 0.682 0.889 0.939 0.955 0.964 0.970 0.974 0.982 0.992 0.994
1 0 0 1 3 1 1 0.589 0.899 0.951 0.966 0.976 0.983 0.986 0.988 0.995 0.996
1 0 0 1 3 1 2 0.497 0.882 0.933 0.957 0.968 0.972 0.982 0.988 0.995 0.996
1 0 0 1 3 1 3 0.500 0.872 0.924 0.943 0.955 0.969 0.976 0.977 0.980 0.987
1 0 0 1 3 1 4 0.457 0.878 0.918 0.941 0.954 0.965 0.971 0.976 0.985 0.991
1 0 0 1 3 1 5 0.565 0.927 0.935 0.952 0.964 0.973 0.979 0.977 0.983 0.991
1 0 0 1 3 1 6 0.691 0.931 0.944 0.959 0.964 0.973 0.977 0.981 0.986 0.990
1 0 0 1 3 1 7 0.669 0.929 0.942 0.955 0.962 0.972 0.975 0.978 0.986 0.990
1 0 0 1 3 1 8 0.661 0.908 0.930 0.950 0.962 0.971 0.976 0.979 0.987 0.991
1 0 0 1 3 1 9 0.691 0.927 0.937 0.957 0.967 0.976 0.979 0.984 0.991 0.990
1 0 0 1 3 1 10 0.581 0.921 0.940 0.954 0.966 0.975 0.981 0.979 0.989 0.995
1 0 0 1 3 1 11 0.488 0.887 0.916 0.942 0.959 0.967 0.974 0.977 0.986 0.994
1 0 0 1 3 1 12 0.438 0.851 0.902 0.937 0.960 0.968 0.973 0.975 0.978 0.996
1 0 0 1 3 1 13 0.466 0.866 0.927 0.957 0.969 0.974 0.985 0.989 0.994 0.996
1 0 0 1 3 1 14 0.532 0.898 0.950 0.967 0.975 0.983 0.985 0.989 0.993 0.996
1 0 0 1 3 1 15 0.617 0.872 0.932 0.953 0.964 0.969 0.975 0.982 0.995 1.000
