## root/v2_2/medium_electron_UL2016preVFP/egammaEffi.txt_EGM2D_MediumID_QPlus_hsseo_v2_1.root EGamma_EffData2D
ETA 1 0 16 -1 -2.5 -2.1 -1.8 -1.566 -1.444 -1.1 -0.8 -0.4 0.0 0.4 0.8 1.1 1.444 1.566 1.8 2.1 2.5
PT 1 0 10 -1 10.0 15.0 20.0 25.0 30.0 35.0 40.0 45.0 70.0 100.0 500.0
1 0 0 0 0 0 0 0.548 0.616 0.624 0.690 0.737 0.773 0.799 0.820 0.881 0.890
1 0 0 0 0 0 1 0.607 0.693 0.720 0.736 0.787 0.818 0.843 0.860 0.866 0.917
1 0 0 0 0 0 2 0.627 0.672 0.701 0.741 0.797 0.821 0.849 0.866 0.889 0.914
1 0 0 0 0 0 3 0.508 0.558 0.420 0.519 0.596 0.658 0.716 0.719 0.697 0.798
1 0 0 0 0 0 4 0.580 0.586 0.616 0.679 0.739 0.778 0.819 0.842 0.855 0.896
1 0 0 0 0 0 5 0.524 0.648 0.653 0.711 0.763 0.815 0.845 0.863 0.887 0.911
1 0 0 0 0 0 6 0.507 0.606 0.632 0.687 0.751 0.796 0.834 0.854 0.883 0.903
1 0 0 0 0 0 7 0.524 0.580 0.616 0.685 0.748 0.790 0.824 0.843 0.866 0.890
1 0 0 0 0 0 8 0.519 0.606 0.656 0.712 0.762 0.804 0.838 0.856 0.875 0.904
1 0 0 0 0 0 9 0.486 0.618 0.637 0.704 0.762 0.806 0.839 0.862 0.882 0.900
1 0 0 0 0 0 10 0.549 0.627 0.650 0.737 0.780 0.819 0.855 0.872 0.895 0.912
1 0 0 0 0 0 11 0.592 0.583 0.530 0.676 0.729 0.773 0.816 0.841 0.867 0.893
1 0 0 0 0 0 12 0.417 0.608 0.405 0.499 0.574 0.649 0.696 0.700 0.645 0.758
1 0 0 0 0 0 13 0.593 0.670 0.666 0.730 0.784 0.819 0.850 0.865 0.875 0.901
1 0 0 0 0 0 14 0.642 0.673 0.682 0.731 0.776 0.807 0.836 0.858 0.887 0.905
1 0 0 0 0 0 15 0.546 0.626 0.639 0.687 0.732 0.764 0.799 0.814 0.867 0.900
## root/v2_2/medium_electron_UL2016preVFP/egammaEffi.txt_EGM2D_MediumID_QPlus_hsseo_v2_1.root EGamma_EffMC2D
ETA 1 0 16 -1 -2.5 -2.1 -1.8 -1.566 -1.444 -1.1 -0.8 -0.4 0.0 0.4 0.8 1.1 1.444 1.566 1.8 2.1 2.5
PT 1 0 10 -1 10.0 15.0 20.0 25.0 30.0 35.0 40.0 45.0 70.0 100.0 500.0
1 0 0 1 0 0 0 0.547 0.613 0.610 0.681 0.726 0.762 0.795 0.815 0.858 0.852
1 0 0 1 0 0 1 0.613 0.677 0.685 0.735 0.777 0.810 0.837 0.855 0.873 0.903
1 0 0 1 0 0 2 0.581 0.670 0.671 0.723 0.783 0.810 0.838 0.856 0.891 0.890
1 0 0 1 0 0 3 0.426 0.512 0.382 0.481 0.568 0.634 0.703 0.707 0.678 0.750
1 0 0 1 0 0 4 0.476 0.592 0.620 0.683 0.736 0.781 0.826 0.849 0.865 0.891
1 0 0 1 0 0 5 0.538 0.630 0.654 0.719 0.776 0.822 0.859 0.881 0.890 0.914
1 0 0 1 0 0 6 0.516 0.621 0.637 0.701 0.761 0.812 0.852 0.874 0.890 0.897
1 0 0 1 0 0 7 0.465 0.602 0.654 0.723 0.780 0.826 0.861 0.880 0.898 0.912
1 0 0 1 0 0 8 0.479 0.603 0.673 0.733 0.791 0.832 0.863 0.883 0.900 0.907
1 0 0 1 0 0 9 0.537 0.622 0.651 0.712 0.773 0.817 0.856 0.876 0.895 0.905
1 0 0 1 0 0 10 0.553 0.633 0.659 0.726 0.782 0.823 0.862 0.881 0.899 0.903
1 0 0 1 0 0 11 0.473 0.589 0.621 0.681 0.737 0.781 0.828 0.850 0.872 0.894
1 0 0 1 0 0 12 0.416 0.497 0.388 0.496 0.570 0.641 0.703 0.714 0.684 0.670
1 0 0 1 0 0 13 0.595 0.660 0.660 0.727 0.774 0.809 0.839 0.855 0.873 0.908
1 0 0 1 0 0 14 0.609 0.679 0.678 0.730 0.779 0.807 0.837 0.855 0.872 0.910
1 0 0 1 0 0 15 0.544 0.628 0.619 0.679 0.726 0.758 0.790 0.814 0.850 0.865
## root/v2_2/medium_electron_UL2016preVFP/egammaEffi.txt_EGM2D_MediumID_QMinus_hsseo_v2_1.root EGamma_EffData2D
ETA 1 0 16 -1 -2.5 -2.1 -1.8 -1.566 -1.444 -1.1 -0.8 -0.4 0.0 0.4 0.8 1.1 1.444 1.566 1.8 2.1 2.5
PT 1 0 10 -1 10.0 15.0 20.0 25.0 30.0 35.0 40.0 45.0 70.0 100.0 500.0
1 0 0 0 0 1 0 0.561 0.608 0.646 0.689 0.735 0.773 0.803 0.825 0.837 0.895
1 0 0 0 0 1 1 0.619 0.670 0.697 0.750 0.783 0.816 0.840 0.861 0.874 0.907
1 0 0 0 0 1 2 0.635 0.685 0.696 0.745 0.788 0.820 0.852 0.867 0.872 0.911
1 0 0 0 0 1 3 0.534 0.544 0.415 0.536 0.592 0.666 0.718 0.720 0.748 0.837
1 0 0 0 0 1 4 0.508 0.597 0.613 0.695 0.739 0.779 0.824 0.845 0.861 0.891
1 0 0 0 0 1 5 0.553 0.638 0.667 0.713 0.768 0.814 0.848 0.867 0.895 0.905
1 0 0 0 0 1 6 0.539 0.583 0.653 0.689 0.753 0.798 0.832 0.854 0.865 0.888
1 0 0 0 0 1 7 0.499 0.565 0.631 0.694 0.753 0.792 0.826 0.847 0.855 0.905
1 0 0 0 0 1 8 0.508 0.591 0.645 0.702 0.761 0.803 0.837 0.855 0.882 0.899
1 0 0 0 0 1 9 0.529 0.627 0.636 0.698 0.758 0.803 0.839 0.861 0.882 0.911
1 0 0 0 0 1 10 0.580 0.618 0.661 0.715 0.771 0.815 0.852 0.869 0.881 0.919
1 0 0 0 0 1 11 0.541 0.597 0.597 0.672 0.724 0.769 0.807 0.834 0.854 0.910
1 0 0 0 0 1 12 0.466 0.539 0.381 0.492 0.573 0.638 0.700 0.701 0.664 0.719
1 0 0 0 0 1 13 0.617 0.670 0.659 0.734 0.789 0.821 0.846 0.867 0.869 0.885
1 0 0 0 0 1 14 0.642 0.676 0.676 0.732 0.785 0.812 0.838 0.855 0.884 0.896
1 0 0 0 0 1 15 0.601 0.626 0.652 0.687 0.728 0.766 0.793 0.817 0.850 0.892
## root/v2_2/medium_electron_UL2016preVFP/egammaEffi.txt_EGM2D_MediumID_QMinus_hsseo_v2_1.root EGamma_EffMC2D
ETA 1 0 16 -1 -2.5 -2.1 -1.8 -1.566 -1.444 -1.1 -0.8 -0.4 0.0 0.4 0.8 1.1 1.444 1.566 1.8 2.1 2.5
PT 1 0 10 -1 10.0 15.0 20.0 25.0 30.0 35.0 40.0 45.0 70.0 100.0 500.0
1 0 0 1 0 1 0 0.536 0.630 0.626 0.678 0.726 0.761 0.794 0.813 0.873 0.865
1 0 0 1 0 1 1 0.599 0.677 0.682 0.735 0.779 0.808 0.837 0.856 0.883 0.910
1 0 0 1 0 1 2 0.592 0.677 0.682 0.727 0.783 0.809 0.837 0.854 0.891 0.882
1 0 0 1 0 1 3 0.449 0.514 0.401 0.483 0.572 0.645 0.712 0.714 0.676 0.714
1 0 0 1 0 1 4 0.495 0.595 0.627 0.689 0.740 0.785 0.828 0.851 0.867 0.882
1 0 0 1 0 1 5 0.533 0.623 0.668 0.730 0.783 0.824 0.862 0.880 0.898 0.910
1 0 0 1 0 1 6 0.523 0.610 0.645 0.706 0.769 0.815 0.850 0.874 0.890 0.898
1 0 0 1 0 1 7 0.480 0.603 0.670 0.732 0.787 0.827 0.864 0.880 0.899 0.914
1 0 0 1 0 1 8 0.486 0.599 0.661 0.727 0.785 0.829 0.863 0.881 0.901 0.902
1 0 0 1 0 1 9 0.513 0.621 0.641 0.701 0.767 0.814 0.853 0.877 0.893 0.901
1 0 0 1 0 1 10 0.545 0.620 0.661 0.719 0.773 0.820 0.857 0.878 0.898 0.909
1 0 0 1 0 1 11 0.476 0.595 0.612 0.678 0.730 0.776 0.822 0.845 0.872 0.891
1 0 0 1 0 1 12 0.423 0.477 0.397 0.480 0.564 0.636 0.692 0.708 0.684 0.689
1 0 0 1 0 1 13 0.573 0.659 0.653 0.733 0.776 0.809 0.840 0.856 0.879 0.901
1 0 0 1 0 1 14 0.597 0.672 0.687 0.730 0.778 0.809 0.834 0.853 0.880 0.885
1 0 0 1 0 1 15 0.557 0.633 0.626 0.681 0.722 0.756 0.790 0.812 0.874 0.870
## root/v2_2/medium_electron_UL2016preVFP/egammaEffi.txt_EGM2D_Ele27_MediumID_QPlus_hsseo_v2_1.root EGamma_EffData2D
ETA 1 1 16 -1 -2.5 -2.1 -1.8 -1.566 -1.444 -1.1 -0.8 -0.4 0.0 0.4 0.8 1.1 1.444 1.566 1.8 2.1 2.5
PT 1 1 10 -1 10.0 15.0 20.0 25.0 30.0 35.0 40.0 45.0 70.0 100.0 500.0
1 0 0 0 1 0 0 0.000 0.000 0.000 0.204 0.547 0.620 0.667 0.703 0.756 0.749
1 0 0 0 1 0 1 0.000 0.000 0.000 0.299 0.605 0.674 0.718 0.749 0.781 0.805
1 0 0 0 1 0 2 0.000 0.000 0.000 0.303 0.569 0.643 0.698 0.740 0.762 0.807
1 0 0 0 1 0 3 0.000 0.000 0.000 0.390 0.608 0.669 0.733 0.771 0.813 0.822
1 0 0 0 1 0 4 0.000 0.000 0.000 0.375 0.665 0.739 0.795 0.836 0.909 0.925
1 0 0 0 1 0 5 0.000 0.000 0.000 0.457 0.755 0.811 0.850 0.876 0.927 0.938
1 0 0 0 1 0 6 0.000 0.000 0.000 0.432 0.730 0.793 0.844 0.876 0.924 0.929
1 0 0 0 1 0 7 0.000 0.000 0.000 0.373 0.660 0.737 0.807 0.847 0.906 0.925
1 0 0 0 1 0 8 0.000 0.000 0.000 0.382 0.666 0.740 0.803 0.839 0.893 0.924
1 0 0 0 1 0 9 0.000 0.000 0.000 0.446 0.739 0.793 0.842 0.871 0.896 0.929
1 0 0 0 1 0 10 0.000 0.000 0.000 0.435 0.758 0.813 0.850 0.875 0.913 0.939
1 0 0 0 1 0 11 0.000 0.000 0.000 0.347 0.656 0.731 0.788 0.836 0.908 0.931
1 0 0 0 1 0 12 0.000 0.000 0.000 0.338 0.591 0.670 0.737 0.770 0.810 0.837
1 0 0 0 1 0 13 0.000 0.000 0.000 0.260 0.562 0.654 0.712 0.753 0.797 0.796
1 0 0 0 1 0 14 0.000 0.000 0.000 0.255 0.605 0.677 0.718 0.754 0.803 0.825
1 0 0 0 1 0 15 0.000 0.000 0.000 0.161 0.527 0.622 0.669 0.713 0.776 0.784
## root/v2_2/medium_electron_UL2016preVFP/egammaEffi.txt_EGM2D_Ele27_MediumID_QPlus_hsseo_v2_1.root EGamma_EffMC2D
ETA 1 1 16 -1 -2.5 -2.1 -1.8 -1.566 -1.444 -1.1 -0.8 -0.4 0.0 0.4 0.8 1.1 1.444 1.566 1.8 2.1 2.5
PT 1 1 10 -1 10.0 15.0 20.0 25.0 30.0 35.0 40.0 45.0 70.0 100.0 500.0
1 0 0 1 1 0 0 0.000 0.000 0.000 0.380 0.485 0.539 0.587 0.649 0.787 0.861
1 0 0 1 1 0 1 0.000 0.000 0.000 0.379 0.618 0.695 0.735 0.776 0.850 0.868
1 0 0 1 1 0 2 0.000 0.000 0.000 0.271 0.586 0.686 0.741 0.778 0.857 0.876
1 0 0 1 1 0 3 0.000 0.000 0.000 0.254 0.586 0.691 0.749 0.793 0.821 0.885
1 0 0 1 1 0 4 0.000 0.000 0.000 0.221 0.672 0.779 0.827 0.858 0.922 0.941
1 0 0 1 1 0 5 0.000 0.000 0.000 0.313 0.770 0.825 0.855 0.876 0.922 0.955
1 0 0 1 1 0 6 0.000 0.000 0.000 0.366 0.751 0.802 0.833 0.863 0.914 0.942
1 0 0 1 1 0 7 0.000 0.000 0.000 0.368 0.722 0.772 0.807 0.839 0.898 0.940
1 0 0 1 1 0 8 0.000 0.000 0.000 0.345 0.727 0.774 0.808 0.836 0.893 0.930
1 0 0 1 1 0 9 0.000 0.000 0.000 0.333 0.754 0.807 0.836 0.864 0.912 0.952
1 0 0 1 1 0 10 0.000 0.000 0.000 0.276 0.754 0.823 0.855 0.876 0.928 0.954
1 0 0 1 1 0 11 0.000 0.000 0.000 0.179 0.655 0.769 0.820 0.852 0.907 0.949
1 0 0 1 1 0 12 0.000 0.000 0.000 0.211 0.565 0.675 0.751 0.786 0.818 0.851
1 0 0 1 1 0 13 0.000 0.000 0.000 0.213 0.585 0.691 0.747 0.789 0.829 0.864
1 0 0 1 1 0 14 0.000 0.000 0.000 0.266 0.623 0.706 0.754 0.785 0.846 0.891
1 0 0 1 1 0 15 0.000 0.000 0.000 0.375 0.551 0.603 0.637 0.695 0.802 0.875
## root/v2_2/medium_electron_UL2016preVFP/egammaEffi.txt_EGM2D_Ele27_MediumID_QMinus_hsseo_v2_1.root EGamma_EffData2D
ETA 1 1 16 -1 -2.5 -2.1 -1.8 -1.566 -1.444 -1.1 -0.8 -0.4 0.0 0.4 0.8 1.1 1.444 1.566 1.8 2.1 2.5
PT 1 1 10 -1 10.0 15.0 20.0 25.0 30.0 35.0 40.0 45.0 70.0 100.0 500.0
1 0 0 0 1 1 0 0.000 0.000 0.000 0.204 0.542 0.626 0.662 0.709 0.751 0.792
1 0 0 0 1 1 1 0.000 0.000 0.000 0.307 0.609 0.676 0.715 0.748 0.785 0.789
1 0 0 0 1 1 2 0.000 0.000 0.000 0.315 0.569 0.653 0.706 0.747 0.781 0.788
1 0 0 0 1 1 3 0.000 0.000 0.000 0.386 0.616 0.687 0.743 0.772 0.819 0.811
1 0 0 0 1 1 4 0.000 0.000 0.000 0.372 0.662 0.734 0.791 0.836 0.897 0.931
1 0 0 0 1 1 5 0.000 0.000 0.000 0.461 0.757 0.811 0.851 0.874 0.925 0.931
1 0 0 0 1 1 6 0.000 0.000 0.000 0.427 0.732 0.792 0.843 0.874 0.916 0.932
1 0 0 0 1 1 7 0.000 0.000 0.000 0.372 0.664 0.740 0.805 0.847 0.909 0.927
1 0 0 0 1 1 8 0.000 0.000 0.000 0.383 0.664 0.740 0.801 0.842 0.890 0.920
1 0 0 0 1 1 9 0.000 0.000 0.000 0.441 0.736 0.793 0.840 0.870 0.912 0.929
1 0 0 0 1 1 10 0.000 0.000 0.000 0.442 0.755 0.811 0.850 0.878 0.924 0.940
1 0 0 0 1 1 11 0.000 0.000 0.000 0.343 0.654 0.734 0.793 0.841 0.893 0.934
1 0 0 0 1 1 12 0.000 0.000 0.000 0.344 0.612 0.682 0.748 0.778 0.851 0.858
1 0 0 0 1 1 13 0.000 0.000 0.000 0.280 0.592 0.664 0.718 0.758 0.796 0.812
1 0 0 0 1 1 14 0.000 0.000 0.000 0.263 0.609 0.684 0.719 0.755 0.796 0.801
1 0 0 0 1 1 15 0.000 0.000 0.000 0.170 0.535 0.622 0.671 0.713 0.751 0.810
## root/v2_2/medium_electron_UL2016preVFP/egammaEffi.txt_EGM2D_Ele27_MediumID_QMinus_hsseo_v2_1.root EGamma_EffMC2D
ETA 1 1 16 -1 -2.5 -2.1 -1.8 -1.566 -1.444 -1.1 -0.8 -0.4 0.0 0.4 0.8 1.1 1.444 1.566 1.8 2.1 2.5
PT 1 1 10 -1 10.0 15.0 20.0 25.0 30.0 35.0 40.0 45.0 70.0 100.0 500.0
1 0 0 1 1 1 0 0.000 0.000 0.000 0.388 0.484 0.542 0.590 0.647 0.766 0.849
1 0 0 1 1 1 1 0.000 0.000 0.000 0.396 0.625 0.693 0.737 0.779 0.855 0.883
1 0 0 1 1 1 2 0.000 0.000 0.000 0.281 0.596 0.699 0.749 0.782 0.841 0.847
1 0 0 1 1 1 3 0.000 0.000 0.000 0.251 0.595 0.695 0.761 0.791 0.840 0.880
1 0 0 1 1 1 4 0.000 0.000 0.000 0.218 0.670 0.776 0.822 0.856 0.921 0.960
1 0 0 1 1 1 5 0.000 0.000 0.000 0.313 0.771 0.828 0.855 0.877 0.926 0.950
1 0 0 1 1 1 6 0.000 0.000 0.000 0.370 0.756 0.808 0.836 0.862 0.911 0.937
1 0 0 1 1 1 7 0.000 0.000 0.000 0.372 0.725 0.774 0.807 0.839 0.895 0.934
1 0 0 1 1 1 8 0.000 0.000 0.000 0.339 0.721 0.769 0.805 0.837 0.890 0.932
1 0 0 1 1 1 9 0.000 0.000 0.000 0.330 0.749 0.803 0.835 0.865 0.918 0.937
1 0 0 1 1 1 10 0.000 0.000 0.000 0.277 0.751 0.821 0.853 0.875 0.925 0.945
1 0 0 1 1 1 11 0.000 0.000 0.000 0.174 0.649 0.771 0.819 0.851 0.917 0.942
1 0 0 1 1 1 12 0.000 0.000 0.000 0.223 0.565 0.678 0.746 0.784 0.821 0.882
1 0 0 1 1 1 13 0.000 0.000 0.000 0.225 0.607 0.698 0.757 0.792 0.847 0.880
1 0 0 1 1 1 14 0.000 0.000 0.000 0.277 0.628 0.712 0.748 0.787 0.838 0.891
1 0 0 1 1 1 15 0.000 0.000 0.000 0.374 0.544 0.599 0.642 0.694 0.801 0.856
## root/v2_2/medium_electron_UL2016preVFP/egammaEffi.txt_EGM2D_Ele23Leg1_MediumID_QPlus_hsseo_v2_1.root EGamma_EffData2D
ETA 1 2 16 -1 -2.5 -2.1 -1.8 -1.566 -1.444 -1.1 -0.8 -0.4 0.0 0.4 0.8 1.1 1.444 1.566 1.8 2.1 2.5
PT 1 2 10 -1 10.0 15.0 20.0 25.0 30.0 35.0 40.0 45.0 70.0 100.0 500.0
1 0 0 0 2 0 0 0.000 0.000 0.252 0.899 0.956 0.967 0.971 0.978 0.992 0.988
1 0 0 0 2 0 1 0.000 0.000 0.415 0.965 0.982 0.986 0.987 0.988 0.995 0.997
1 0 0 0 2 0 2 0.000 0.000 0.479 0.954 0.969 0.976 0.981 0.984 0.992 0.993
1 0 0 0 2 0 3 0.000 0.000 0.562 0.951 0.959 0.965 0.967 0.969 0.956 0.952
1 0 0 0 2 0 4 0.000 0.000 0.432 0.931 0.951 0.960 0.964 0.966 0.978 0.978
1 0 0 0 2 0 5 0.000 0.000 0.461 0.939 0.956 0.963 0.965 0.965 0.980 0.972
1 0 0 0 2 0 6 0.000 0.000 0.464 0.938 0.954 0.961 0.963 0.968 0.982 0.971
1 0 0 0 2 0 7 0.000 0.000 0.466 0.920 0.937 0.953 0.956 0.963 0.975 0.975
1 0 0 0 2 0 8 0.000 0.000 0.480 0.910 0.927 0.941 0.943 0.950 0.959 0.961
1 0 0 0 2 0 9 0.000 0.000 0.476 0.933 0.948 0.953 0.957 0.962 0.967 0.971
1 0 0 0 2 0 10 0.000 0.000 0.443 0.937 0.955 0.962 0.964 0.964 0.968 0.978
1 0 0 0 2 0 11 0.000 0.000 0.414 0.941 0.957 0.965 0.969 0.971 0.986 0.977
1 0 0 0 2 0 12 0.000 0.000 0.518 0.944 0.965 0.970 0.975 0.976 0.971 0.956
1 0 0 0 2 0 13 0.000 0.000 0.374 0.945 0.975 0.982 0.989 0.989 0.995 0.999
1 0 0 0 2 0 14 0.000 0.000 0.313 0.959 0.982 0.984 0.987 0.987 0.994 0.998
1 0 0 0 2 0 15 0.000 0.000 0.198 0.864 0.945 0.963 0.969 0.975 0.992 0.999
## root/v2_2/medium_electron_UL2016preVFP/egammaEffi.txt_EGM2D_Ele23Leg1_MediumID_QPlus_hsseo_v2_1.root EGamma_EffMC2D
ETA 1 2 16 -1 -2.5 -2.1 -1.8 -1.566 -1.444 -1.1 -0.8 -0.4 0.0 0.4 0.8 1.1 1.444 1.566 1.8 2.1 2.5
PT 1 2 10 -1 10.0 15.0 20.0 25.0 30.0 35.0 40.0 45.0 70.0 100.0 500.0
1 0 0 1 2 0 0 0.000 0.000 0.837 0.953 0.964 0.966 0.973 0.980 0.994 0.990
1 0 0 1 2 0 1 0.000 0.000 0.608 0.957 0.976 0.982 0.986 0.988 0.996 0.998
1 0 0 1 2 0 2 0.000 0.000 0.384 0.942 0.961 0.970 0.981 0.986 0.994 0.993
1 0 0 1 2 0 3 0.000 0.000 0.440 0.918 0.954 0.965 0.970 0.977 0.978 0.985
1 0 0 1 2 0 4 0.000 0.000 0.224 0.917 0.952 0.965 0.970 0.973 0.986 0.984
1 0 0 1 2 0 5 0.000 0.000 0.297 0.937 0.961 0.969 0.976 0.975 0.982 0.987
1 0 0 1 2 0 6 0.000 0.000 0.354 0.943 0.957 0.965 0.970 0.974 0.980 0.984
1 0 0 1 2 0 7 0.000 0.000 0.366 0.942 0.958 0.968 0.972 0.975 0.983 0.981
1 0 0 1 2 0 8 0.000 0.000 0.334 0.947 0.957 0.969 0.971 0.973 0.979 0.982
1 0 0 1 2 0 9 0.000 0.000 0.307 0.953 0.966 0.973 0.976 0.979 0.986 0.990
1 0 0 1 2 0 10 0.000 0.000 0.255 0.940 0.964 0.974 0.978 0.978 0.988 0.988
1 0 0 1 2 0 11 0.000 0.000 0.163 0.908 0.958 0.966 0.972 0.975 0.987 0.995
1 0 0 1 2 0 12 0.000 0.000 0.370 0.894 0.957 0.967 0.977 0.976 0.981 0.995
1 0 0 1 2 0 13 0.000 0.000 0.272 0.929 0.970 0.974 0.983 0.990 0.995 0.999
1 0 0 1 2 0 14 0.000 0.000 0.360 0.936 0.974 0.981 0.985 0.988 0.993 0.998
1 0 0 1 2 0 15 0.000 0.000 0.608 0.944 0.966 0.970 0.973 0.981 0.991 0.997
## root/v2_2/medium_electron_UL2016preVFP/egammaEffi.txt_EGM2D_Ele23Leg1_MediumID_QMinus_hsseo_v2_1.root EGamma_EffData2D
ETA 1 2 16 -1 -2.5 -2.1 -1.8 -1.566 -1.444 -1.1 -0.8 -0.4 0.0 0.4 0.8 1.1 1.444 1.566 1.8 2.1 2.5
PT 1 2 10 -1 10.0 15.0 20.0 25.0 30.0 35.0 40.0 45.0 70.0 100.0 500.0
1 0 0 0 2 1 0 0.000 0.000 0.266 0.896 0.953 0.965 0.971 0.977 0.986 0.989
1 0 0 0 2 1 1 0.000 0.000 0.409 0.965 0.983 0.985 0.987 0.988 0.996 0.996
1 0 0 0 2 1 2 0.000 0.000 0.470 0.946 0.964 0.975 0.982 0.986 0.989 0.992
1 0 0 0 2 1 3 0.000 0.000 0.565 0.938 0.962 0.964 0.967 0.969 0.969 0.974
1 0 0 0 2 1 4 0.000 0.000 0.448 0.936 0.953 0.960 0.966 0.968 0.976 0.977
1 0 0 0 2 1 5 0.000 0.000 0.472 0.943 0.959 0.966 0.966 0.965 0.978 0.972
1 0 0 0 2 1 6 0.000 0.000 0.460 0.943 0.952 0.960 0.964 0.968 0.975 0.977
1 0 0 0 2 1 7 0.000 0.000 0.479 0.924 0.938 0.954 0.956 0.962 0.978 0.973
1 0 0 0 2 1 8 0.000 0.000 0.480 0.906 0.926 0.940 0.944 0.950 0.964 0.961
1 0 0 0 2 1 9 0.000 0.000 0.461 0.932 0.946 0.954 0.955 0.961 0.971 0.965
1 0 0 0 2 1 10 0.000 0.000 0.442 0.936 0.955 0.960 0.963 0.963 0.970 0.975
1 0 0 0 2 1 11 0.000 0.000 0.408 0.936 0.957 0.962 0.967 0.970 0.980 0.982
1 0 0 0 2 1 12 0.000 0.000 0.516 0.937 0.970 0.971 0.975 0.976 0.982 0.956
1 0 0 0 2 1 13 0.000 0.000 0.370 0.954 0.973 0.981 0.987 0.989 0.998 0.994
1 0 0 0 2 1 14 0.000 0.000 0.326 0.960 0.982 0.985 0.986 0.988 0.995 0.998
1 0 0 0 2 1 15 0.000 0.000 0.197 0.862 0.950 0.961 0.968 0.972 0.984 0.988
## root/v2_2/medium_electron_UL2016preVFP/egammaEffi.txt_EGM2D_Ele23Leg1_MediumID_QMinus_hsseo_v2_1.root EGamma_EffMC2D
ETA 1 2 16 -1 -2.5 -2.1 -1.8 -1.566 -1.444 -1.1 -0.8 -0.4 0.0 0.4 0.8 1.1 1.444 1.566 1.8 2.1 2.5
PT 1 2 10 -1 10.0 15.0 20.0 25.0 30.0 35.0 40.0 45.0 70.0 100.0 500.0
1 0 0 1 2 1 0 0.000 0.000 0.842 0.951 0.962 0.969 0.973 0.980 0.992 1.000
1 0 0 1 2 1 1 0.000 0.000 0.593 0.956 0.974 0.982 0.985 0.988 0.994 1.000
1 0 0 1 2 1 2 0.000 0.000 0.398 0.941 0.962 0.973 0.982 0.986 0.994 0.992
1 0 0 1 2 1 3 0.000 0.000 0.418 0.913 0.948 0.970 0.973 0.975 0.984 0.984
1 0 0 1 2 1 4 0.000 0.000 0.225 0.918 0.952 0.965 0.971 0.974 0.987 0.987
1 0 0 1 2 1 5 0.000 0.000 0.298 0.940 0.965 0.972 0.976 0.974 0.984 0.986
1 0 0 1 2 1 6 0.000 0.000 0.359 0.949 0.960 0.968 0.971 0.975 0.982 0.983
1 0 0 1 2 1 7 0.000 0.000 0.368 0.947 0.960 0.968 0.972 0.975 0.982 0.983
1 0 0 1 2 1 8 0.000 0.000 0.334 0.941 0.956 0.967 0.971 0.974 0.978 0.982
1 0 0 1 2 1 9 0.000 0.000 0.304 0.949 0.960 0.972 0.974 0.980 0.988 0.984
1 0 0 1 2 1 10 0.000 0.000 0.263 0.934 0.963 0.972 0.978 0.977 0.985 0.986
1 0 0 1 2 1 11 0.000 0.000 0.173 0.904 0.954 0.965 0.973 0.975 0.988 0.987
1 0 0 1 2 1 12 0.000 0.000 0.377 0.899 0.953 0.966 0.973 0.978 0.984 0.996
1 0 0 1 2 1 13 0.000 0.000 0.273 0.930 0.968 0.974 0.984 0.988 0.992 0.993
1 0 0 1 2 1 14 0.000 0.000 0.362 0.933 0.976 0.983 0.985 0.988 0.995 0.996
1 0 0 1 2 1 15 0.000 0.000 0.621 0.948 0.964 0.970 0.976 0.980 0.997 0.996
## root/v2_2/medium_electron_UL2016preVFP/egammaEffi.txt_EGM2D_Ele12Leg2_MediumID_QPlus_hsseo_v2_1.root EGamma_EffData2D
ETA 1 3 16 -1 -2.5 -2.1 -1.8 -1.566 -1.444 -1.1 -0.8 -0.4 0.0 0.4 0.8 1.1 1.444 1.566 1.8 2.1 2.5
PT 1 3 10 -1 10.0 15.0 20.0 25.0 30.0 35.0 40.0 45.0 70.0 100.0 500.0
1 0 0 0 3 0 0 0.368 0.814 0.908 0.934 0.957 0.968 0.972 0.978 0.991 0.990
1 0 0 0 3 0 1 0.400 0.879 0.958 0.976 0.982 0.986 0.987 0.988 0.994 0.998
1 0 0 0 3 0 2 0.400 0.819 0.940 0.959 0.970 0.976 0.981 0.984 0.992 0.994
1 0 0 0 3 0 3 0.428 0.881 0.918 0.956 0.959 0.965 0.967 0.969 0.956 0.952
1 0 0 0 3 0 4 0.497 0.879 0.922 0.939 0.951 0.960 0.965 0.967 0.978 0.978
1 0 0 0 3 0 5 0.604 0.927 0.925 0.942 0.956 0.963 0.965 0.965 0.980 0.973
1 0 0 0 3 0 6 0.635 0.922 0.931 0.941 0.954 0.961 0.963 0.968 0.982 0.973
1 0 0 0 3 0 7 0.653 0.877 0.908 0.923 0.938 0.953 0.956 0.963 0.975 0.976
1 0 0 0 3 0 8 0.622 0.867 0.910 0.913 0.927 0.941 0.944 0.950 0.959 0.962
1 0 0 0 3 0 9 0.625 0.918 0.925 0.936 0.949 0.953 0.956 0.962 0.967 0.972
1 0 0 0 3 0 10 0.615 0.937 0.927 0.944 0.956 0.962 0.964 0.964 0.968 0.979
1 0 0 0 3 0 11 0.525 0.882 0.927 0.949 0.958 0.966 0.969 0.971 0.986 0.980
1 0 0 0 3 0 12 0.532 0.812 0.926 0.958 0.965 0.971 0.975 0.976 0.970 0.960
1 0 0 0 3 0 13 0.387 0.837 0.943 0.962 0.976 0.982 0.989 0.989 0.996 0.999
1 0 0 0 3 0 14 0.414 0.860 0.946 0.975 0.983 0.984 0.987 0.988 0.994 0.999
1 0 0 0 3 0 15 0.326 0.798 0.859 0.913 0.947 0.964 0.970 0.976 0.992 0.999
## root/v2_2/medium_electron_UL2016preVFP/egammaEffi.txt_EGM2D_Ele12Leg2_MediumID_QPlus_hsseo_v2_1.root EGamma_EffMC2D
ETA 1 3 16 -1 -2.5 -2.1 -1.8 -1.566 -1.444 -1.1 -0.8 -0.4 0.0 0.4 0.8 1.1 1.444 1.566 1.8 2.1 2.5
PT 1 3 10 -1 10.0 15.0 20.0 25.0 30.0 35.0 40.0 45.0 70.0 100.0 500.0
1 0 0 1 3 0 0 0.668 0.881 0.938 0.956 0.964 0.967 0.973 0.981 0.995 0.993
1 0 0 1 3 0 1 0.616 0.904 0.952 0.964 0.976 0.983 0.986 0.988 0.996 0.998
1 0 0 1 3 0 2 0.473 0.873 0.926 0.951 0.962 0.970 0.981 0.986 0.994 0.994
1 0 0 1 3 0 3 0.456 0.839 0.900 0.939 0.955 0.966 0.970 0.977 0.978 0.990
1 0 0 1 3 0 4 0.505 0.885 0.916 0.941 0.952 0.965 0.970 0.973 0.986 0.988
1 0 0 1 3 0 5 0.595 0.919 0.931 0.947 0.961 0.969 0.976 0.975 0.982 0.988
1 0 0 1 3 0 6 0.687 0.926 0.931 0.948 0.957 0.965 0.970 0.974 0.980 0.985
1 0 0 1 3 0 7 0.680 0.923 0.924 0.947 0.958 0.968 0.972 0.975 0.983 0.983
1 0 0 1 3 0 8 0.674 0.920 0.937 0.951 0.957 0.969 0.971 0.973 0.979 0.983
1 0 0 1 3 0 9 0.642 0.926 0.944 0.958 0.966 0.973 0.976 0.979 0.986 0.991
1 0 0 1 3 0 10 0.573 0.932 0.937 0.953 0.964 0.974 0.978 0.978 0.988 0.991
1 0 0 1 3 0 11 0.481 0.879 0.918 0.944 0.959 0.966 0.972 0.975 0.987 0.995
1 0 0 1 3 0 12 0.464 0.862 0.907 0.935 0.960 0.968 0.977 0.976 0.981 0.995
1 0 0 1 3 0 13 0.456 0.862 0.931 0.959 0.971 0.974 0.983 0.990 0.995 1.000
1 0 0 1 3 0 14 0.525 0.911 0.951 0.968 0.976 0.982 0.985 0.988 0.993 1.000
1 0 0 1 3 0 15 0.589 0.879 0.930 0.952 0.968 0.971 0.973 0.981 0.991 0.997
## root/v2_2/medium_electron_UL2016preVFP/egammaEffi.txt_EGM2D_Ele12Leg2_MediumID_QMinus_hsseo_v2_1.root EGamma_EffData2D
ETA 1 3 16 -1 -2.5 -2.1 -1.8 -1.566 -1.444 -1.1 -0.8 -0.4 0.0 0.4 0.8 1.1 1.444 1.566 1.8 2.1 2.5
PT 1 3 10 -1 10.0 15.0 20.0 25.0 30.0 35.0 40.0 45.0 70.0 100.0 500.0
1 0 0 0 3 1 0 0.393 0.823 0.897 0.932 0.954 0.966 0.972 0.978 0.987 0.992
1 0 0 0 3 1 1 0.448 0.899 0.952 0.976 0.983 0.985 0.987 0.988 0.996 0.998
1 0 0 0 3 1 2 0.375 0.830 0.931 0.954 0.964 0.975 0.982 0.986 0.989 0.994
1 0 0 0 3 1 3 0.508 0.840 0.936 0.945 0.962 0.968 0.967 0.969 0.969 0.974
1 0 0 0 3 1 4 0.518 0.891 0.922 0.943 0.954 0.960 0.966 0.968 0.976 0.979
1 0 0 0 3 1 5 0.628 0.912 0.930 0.947 0.959 0.966 0.966 0.965 0.978 0.973
1 0 0 0 3 1 6 0.683 0.927 0.934 0.945 0.952 0.961 0.964 0.968 0.975 0.977
1 0 0 0 3 1 7 0.628 0.872 0.908 0.929 0.938 0.954 0.956 0.962 0.978 0.974
1 0 0 0 3 1 8 0.608 0.861 0.891 0.908 0.926 0.940 0.944 0.950 0.964 0.964
1 0 0 0 3 1 9 0.651 0.898 0.928 0.934 0.947 0.954 0.955 0.961 0.971 0.966
1 0 0 0 3 1 10 0.636 0.907 0.920 0.944 0.955 0.960 0.963 0.963 0.970 0.977
1 0 0 0 3 1 11 0.537 0.895 0.927 0.944 0.958 0.962 0.968 0.970 0.980 0.983
1 0 0 0 3 1 12 0.523 0.833 0.925 0.950 0.971 0.971 0.975 0.976 0.982 0.956
1 0 0 0 3 1 13 0.377 0.829 0.939 0.970 0.975 0.981 0.987 0.989 0.998 0.994
1 0 0 0 3 1 14 0.381 0.863 0.951 0.974 0.982 0.986 0.987 0.988 0.995 0.999
1 0 0 0 3 1 15 0.307 0.759 0.862 0.909 0.951 0.962 0.969 0.973 0.984 0.988
## root/v2_2/medium_electron_UL2016preVFP/egammaEffi.txt_EGM2D_Ele12Leg2_MediumID_QMinus_hsseo_v2_1.root EGamma_EffMC2D
ETA 1 3 16 -1 -2.5 -2.1 -1.8 -1.566 -1.444 -1.1 -0.8 -0.4 0.0 0.4 0.8 1.1 1.444 1.566 1.8 2.1 2.5
PT 1 3 10 -1 10.0 15.0 20.0 25.0 30.0 35.0 40.0 45.0 70.0 100.0 500.0
1 0 0 1 3 1 0 0.650 0.890 0.936 0.952 0.963 0.970 0.974 0.981 0.993 1.000
1 0 0 1 3 1 1 0.606 0.902 0.941 0.963 0.975 0.982 0.985 0.988 0.994 1.000
1 0 0 1 3 1 2 0.514 0.866 0.927 0.953 0.963 0.973 0.982 0.986 0.994 0.994
1 0 0 1 3 1 3 0.501 0.890 0.913 0.941 0.949 0.970 0.973 0.975 0.984 0.989
1 0 0 1 3 1 4 0.519 0.888 0.923 0.940 0.953 0.965 0.971 0.974 0.987 0.990
1 0 0 1 3 1 5 0.610 0.924 0.933 0.949 0.965 0.972 0.976 0.974 0.984 0.988
1 0 0 1 3 1 6 0.649 0.924 0.941 0.954 0.960 0.969 0.971 0.975 0.982 0.986
1 0 0 1 3 1 7 0.673 0.921 0.941 0.951 0.960 0.968 0.972 0.975 0.982 0.984
1 0 0 1 3 1 8 0.695 0.918 0.928 0.946 0.956 0.967 0.971 0.974 0.978 0.983
1 0 0 1 3 1 9 0.641 0.925 0.935 0.954 0.960 0.972 0.974 0.980 0.988 0.986
1 0 0 1 3 1 10 0.575 0.930 0.937 0.947 0.964 0.972 0.978 0.977 0.985 0.988
1 0 0 1 3 1 11 0.477 0.891 0.920 0.941 0.955 0.965 0.973 0.975 0.988 0.987
1 0 0 1 3 1 12 0.453 0.859 0.909 0.940 0.955 0.966 0.974 0.978 0.984 0.996
1 0 0 1 3 1 13 0.457 0.878 0.926 0.959 0.969 0.974 0.984 0.988 0.992 0.997
1 0 0 1 3 1 14 0.502 0.910 0.949 0.966 0.978 0.983 0.985 0.988 0.995 0.997
1 0 0 1 3 1 15 0.617 0.885 0.933 0.956 0.965 0.970 0.976 0.981 0.997 0.996
