## root/v2_2/tight_electron_UL2016postVFP/egammaEffi.txt_EGM2D_TightID_Selective_QPlus_hsseo_v2_1.root EGamma_EffData2D
ETA 1 0 16 -1 -2.5 -2.1 -1.8 -1.566 -1.444 -1.1 -0.8 -0.4 0.0 0.4 0.8 1.1 1.444 1.566 1.8 2.1 2.5
PT 1 0 10 -1 10.0 15.0 20.0 25.0 30.0 35.0 40.0 45.0 70.0 100.0 500.0
1 0 0 0 0 0 0 0.349 0.418 0.427 0.475 0.517 0.548 0.586 0.605 0.636 0.687
1 0 0 0 0 0 1 0.411 0.494 0.533 0.572 0.617 0.661 0.686 0.715 0.726 0.752
1 0 0 0 0 0 2 0.394 0.494 0.504 0.570 0.606 0.657 0.693 0.719 0.733 0.776
1 0 0 0 0 0 3 0.342 0.313 0.245 0.342 0.414 0.468 0.524 0.550 0.535 0.633
1 0 0 0 0 0 4 0.274 0.387 0.422 0.484 0.540 0.590 0.642 0.665 0.703 0.764
1 0 0 0 0 0 5 0.392 0.478 0.518 0.579 0.642 0.694 0.735 0.759 0.807 0.854
1 0 0 0 0 0 6 0.381 0.502 0.511 0.575 0.645 0.696 0.732 0.760 0.794 0.837
1 0 0 0 0 0 7 0.382 0.470 0.531 0.600 0.658 0.710 0.748 0.772 0.811 0.855
1 0 0 0 0 0 8 0.392 0.509 0.554 0.615 0.677 0.717 0.755 0.776 0.815 0.849
1 0 0 0 0 0 9 0.379 0.489 0.541 0.597 0.658 0.702 0.742 0.773 0.798 0.837
1 0 0 0 0 0 10 0.367 0.493 0.519 0.587 0.645 0.693 0.736 0.759 0.783 0.812
1 0 0 0 0 0 11 0.295 0.389 0.392 0.477 0.535 0.582 0.629 0.658 0.689 0.712
1 0 0 0 0 0 12 0.302 0.319 0.242 0.331 0.392 0.464 0.511 0.522 0.507 0.524
1 0 0 0 0 0 13 0.400 0.467 0.485 0.551 0.614 0.654 0.700 0.723 0.753 0.771
1 0 0 0 0 0 14 0.386 0.517 0.527 0.572 0.616 0.664 0.688 0.712 0.717 0.750
1 0 0 0 0 0 15 0.329 0.410 0.428 0.474 0.503 0.540 0.570 0.600 0.662 0.665
## root/v2_2/tight_electron_UL2016postVFP/egammaEffi.txt_EGM2D_TightID_Selective_QPlus_hsseo_v2_1.root EGamma_EffMC2D
ETA 1 0 16 -1 -2.5 -2.1 -1.8 -1.566 -1.444 -1.1 -0.8 -0.4 0.0 0.4 0.8 1.1 1.444 1.566 1.8 2.1 2.5
PT 1 0 10 -1 10.0 15.0 20.0 25.0 30.0 35.0 40.0 45.0 70.0 100.0 500.0
1 0 0 1 0 0 0 0.332 0.413 0.414 0.455 0.496 0.526 0.559 0.581 0.597 0.575
1 0 0 1 0 0 1 0.429 0.518 0.539 0.588 0.631 0.668 0.694 0.715 0.735 0.669
1 0 0 1 0 0 2 0.409 0.484 0.507 0.574 0.617 0.657 0.693 0.716 0.737 0.751
1 0 0 1 0 0 3 0.234 0.335 0.250 0.332 0.407 0.472 0.530 0.561 0.526 0.606
1 0 0 1 0 0 4 0.305 0.404 0.433 0.498 0.562 0.614 0.660 0.691 0.720 0.752
1 0 0 1 0 0 5 0.404 0.500 0.535 0.602 0.658 0.707 0.749 0.777 0.812 0.804
1 0 0 1 0 0 6 0.406 0.513 0.543 0.607 0.669 0.718 0.759 0.790 0.818 0.823
1 0 0 1 0 0 7 0.392 0.501 0.573 0.639 0.695 0.739 0.779 0.805 0.833 0.855
1 0 0 1 0 0 8 0.379 0.492 0.575 0.639 0.689 0.734 0.769 0.795 0.829 0.818
1 0 0 1 0 0 9 0.406 0.498 0.544 0.605 0.663 0.709 0.748 0.777 0.804 0.815
1 0 0 1 0 0 10 0.415 0.493 0.535 0.598 0.657 0.703 0.741 0.768 0.790 0.804
1 0 0 1 0 0 11 0.304 0.403 0.433 0.505 0.561 0.610 0.657 0.681 0.713 0.716
1 0 0 1 0 0 12 0.293 0.325 0.261 0.335 0.412 0.468 0.526 0.550 0.528 0.512
1 0 0 1 0 0 13 0.406 0.491 0.500 0.569 0.629 0.668 0.699 0.727 0.734 0.716
1 0 0 1 0 0 14 0.444 0.532 0.530 0.589 0.634 0.669 0.694 0.717 0.732 0.721
1 0 0 1 0 0 15 0.340 0.417 0.429 0.474 0.517 0.551 0.585 0.602 0.625 0.616
## root/v2_2/tight_electron_UL2016postVFP/egammaEffi.txt_EGM2D_TightID_Selective_QMinus_hsseo_v2_1.root EGamma_EffData2D
ETA 1 0 16 -1 -2.5 -2.1 -1.8 -1.566 -1.444 -1.1 -0.8 -0.4 0.0 0.4 0.8 1.1 1.444 1.566 1.8 2.1 2.5
PT 1 0 10 -1 10.0 15.0 20.0 25.0 30.0 35.0 40.0 45.0 70.0 100.0 500.0
1 0 0 0 0 1 0 0.332 0.388 0.426 0.478 0.513 0.551 0.589 0.605 0.643 0.692
1 0 0 0 0 1 1 0.432 0.488 0.538 0.576 0.620 0.655 0.687 0.712 0.740 0.755
1 0 0 0 0 1 2 0.407 0.489 0.502 0.565 0.614 0.651 0.690 0.714 0.740 0.774
1 0 0 0 0 1 3 0.338 0.373 0.260 0.346 0.421 0.474 0.539 0.547 0.536 0.565
1 0 0 0 0 1 4 0.302 0.401 0.417 0.491 0.547 0.592 0.639 0.668 0.684 0.743
1 0 0 0 0 1 5 0.371 0.488 0.523 0.589 0.644 0.695 0.729 0.760 0.795 0.835
1 0 0 0 0 1 6 0.416 0.499 0.520 0.573 0.647 0.696 0.737 0.761 0.793 0.836
1 0 0 0 0 1 7 0.432 0.489 0.536 0.602 0.667 0.709 0.748 0.773 0.818 0.845
1 0 0 0 0 1 8 0.400 0.491 0.528 0.614 0.667 0.716 0.749 0.773 0.813 0.852
1 0 0 0 0 1 9 0.421 0.508 0.530 0.598 0.649 0.700 0.742 0.770 0.800 0.851
1 0 0 0 0 1 10 0.386 0.505 0.513 0.577 0.639 0.690 0.732 0.758 0.803 0.831
1 0 0 0 0 1 11 0.275 0.367 0.393 0.468 0.532 0.578 0.624 0.660 0.687 0.746
1 0 0 0 0 1 12 0.208 0.306 0.243 0.323 0.405 0.451 0.513 0.529 0.507 0.569
1 0 0 0 0 1 13 0.372 0.494 0.477 0.564 0.617 0.663 0.700 0.724 0.752 0.777
1 0 0 0 0 1 14 0.426 0.480 0.519 0.580 0.627 0.656 0.690 0.706 0.730 0.774
1 0 0 0 0 1 15 0.318 0.405 0.434 0.463 0.508 0.547 0.580 0.599 0.647 0.637
## root/v2_2/tight_electron_UL2016postVFP/egammaEffi.txt_EGM2D_TightID_Selective_QMinus_hsseo_v2_1.root EGamma_EffMC2D
ETA 1 0 16 -1 -2.5 -2.1 -1.8 -1.566 -1.444 -1.1 -0.8 -0.4 0.0 0.4 0.8 1.1 1.444 1.566 1.8 2.1 2.5
PT 1 0 10 -1 10.0 15.0 20.0 25.0 30.0 35.0 40.0 45.0 70.0 100.0 500.0
1 0 0 1 0 1 0 0.327 0.411 0.409 0.456 0.499 0.535 0.564 0.585 0.610 0.595
1 0 0 1 0 1 1 0.449 0.523 0.522 0.584 0.632 0.668 0.698 0.716 0.741 0.735
1 0 0 1 0 1 2 0.398 0.489 0.519 0.577 0.622 0.660 0.694 0.716 0.744 0.745
1 0 0 1 0 1 3 0.289 0.348 0.257 0.329 0.407 0.473 0.541 0.554 0.528 0.535
1 0 0 1 0 1 4 0.307 0.399 0.434 0.504 0.563 0.614 0.663 0.692 0.719 0.715
1 0 0 1 0 1 5 0.392 0.499 0.550 0.610 0.662 0.709 0.749 0.774 0.802 0.806
1 0 0 1 0 1 6 0.432 0.516 0.553 0.610 0.671 0.721 0.762 0.790 0.816 0.813
1 0 0 1 0 1 7 0.378 0.518 0.574 0.644 0.698 0.742 0.780 0.805 0.827 0.838
1 0 0 1 0 1 8 0.384 0.509 0.571 0.631 0.684 0.729 0.769 0.794 0.827 0.843
1 0 0 1 0 1 9 0.382 0.519 0.540 0.598 0.658 0.706 0.748 0.779 0.807 0.829
1 0 0 1 0 1 10 0.402 0.503 0.528 0.598 0.650 0.698 0.743 0.768 0.802 0.819
1 0 0 1 0 1 11 0.304 0.395 0.432 0.499 0.558 0.604 0.653 0.684 0.731 0.739
1 0 0 1 0 1 12 0.260 0.319 0.259 0.330 0.404 0.472 0.534 0.546 0.521 0.520
1 0 0 1 0 1 13 0.402 0.485 0.494 0.569 0.625 0.665 0.705 0.730 0.755 0.757
1 0 0 1 0 1 14 0.435 0.527 0.533 0.590 0.635 0.670 0.699 0.722 0.741 0.728
1 0 0 1 0 1 15 0.340 0.424 0.426 0.482 0.523 0.551 0.583 0.607 0.641 0.590
## root/v2_2/tight_electron_UL2016postVFP/egammaEffi.txt_EGM2D_Ele27_TightID_Selective_QPlus_hsseo_v2_1.root EGamma_EffData2D
ETA 1 1 16 -1 -2.5 -2.1 -1.8 -1.566 -1.444 -1.1 -0.8 -0.4 0.0 0.4 0.8 1.1 1.444 1.566 1.8 2.1 2.5
PT 1 1 10 -1 10.0 15.0 20.0 25.0 30.0 35.0 40.0 45.0 70.0 100.0 500.0
1 0 0 0 1 0 0 0.000 0.000 0.000 0.146 0.429 0.535 0.609 0.683 0.808 0.899
1 0 0 0 1 0 1 0.000 0.000 0.000 0.254 0.566 0.686 0.747 0.798 0.877 0.922
1 0 0 0 1 0 2 0.000 0.000 0.000 0.291 0.581 0.696 0.765 0.816 0.895 0.914
1 0 0 0 1 0 3 0.000 0.000 0.000 0.386 0.692 0.778 0.828 0.858 0.884 0.885
1 0 0 0 1 0 4 0.000 0.000 0.000 0.387 0.747 0.843 0.878 0.905 0.956 0.962
1 0 0 0 1 0 5 0.000 0.000 0.000 0.417 0.796 0.854 0.880 0.898 0.948 0.954
1 0 0 0 1 0 6 0.000 0.000 0.000 0.396 0.771 0.833 0.857 0.885 0.928 0.944
1 0 0 0 1 0 7 0.000 0.000 0.000 0.358 0.693 0.763 0.795 0.835 0.906 0.942
1 0 0 0 1 0 8 0.000 0.000 0.000 0.364 0.697 0.760 0.793 0.828 0.912 0.934
1 0 0 0 1 0 9 0.000 0.000 0.000 0.419 0.776 0.836 0.861 0.884 0.930 0.948
1 0 0 0 1 0 10 0.000 0.000 0.000 0.411 0.798 0.863 0.884 0.906 0.947 0.966
1 0 0 0 1 0 11 0.000 0.000 0.000 0.356 0.760 0.853 0.884 0.910 0.953 0.960
1 0 0 0 1 0 12 0.000 0.000 0.000 0.346 0.671 0.764 0.823 0.851 0.874 0.901
1 0 0 0 1 0 13 0.000 0.000 0.000 0.265 0.567 0.700 0.763 0.811 0.864 0.907
1 0 0 0 1 0 14 0.000 0.000 0.000 0.228 0.560 0.694 0.754 0.806 0.879 0.921
1 0 0 0 1 0 15 0.000 0.000 0.000 0.130 0.408 0.542 0.615 0.687 0.832 0.861
## root/v2_2/tight_electron_UL2016postVFP/egammaEffi.txt_EGM2D_Ele27_TightID_Selective_QPlus_hsseo_v2_1.root EGamma_EffMC2D
ETA 1 1 16 -1 -2.5 -2.1 -1.8 -1.566 -1.444 -1.1 -0.8 -0.4 0.0 0.4 0.8 1.1 1.444 1.566 1.8 2.1 2.5
PT 1 1 10 -1 10.0 15.0 20.0 25.0 30.0 35.0 40.0 45.0 70.0 100.0 500.0
1 0 0 1 1 0 0 0.000 0.000 0.000 0.463 0.577 0.633 0.681 0.733 0.838 0.915
1 0 0 1 1 0 1 0.000 0.000 0.000 0.433 0.701 0.764 0.806 0.844 0.887 0.929
1 0 0 1 1 0 2 0.000 0.000 0.000 0.304 0.683 0.781 0.826 0.861 0.908 0.918
1 0 0 1 1 0 3 0.000 0.000 0.000 0.269 0.674 0.794 0.840 0.870 0.882 0.924
1 0 0 1 1 0 4 0.000 0.000 0.000 0.234 0.754 0.857 0.895 0.917 0.962 0.971
1 0 0 1 1 0 5 0.000 0.000 0.000 0.312 0.813 0.872 0.899 0.919 0.953 0.977
1 0 0 1 1 0 6 0.000 0.000 0.000 0.372 0.794 0.851 0.878 0.906 0.946 0.970
1 0 0 1 1 0 7 0.000 0.000 0.000 0.387 0.759 0.809 0.844 0.874 0.933 0.961
1 0 0 1 1 0 8 0.000 0.000 0.000 0.380 0.774 0.820 0.850 0.878 0.931 0.955
1 0 0 1 1 0 9 0.000 0.000 0.000 0.385 0.806 0.858 0.883 0.910 0.944 0.968
1 0 0 1 1 0 10 0.000 0.000 0.000 0.330 0.826 0.878 0.908 0.924 0.956 0.975
1 0 0 1 1 0 11 0.000 0.000 0.000 0.237 0.756 0.864 0.902 0.925 0.962 0.974
1 0 0 1 1 0 12 0.000 0.000 0.000 0.279 0.672 0.788 0.838 0.865 0.898 0.907
1 0 0 1 1 0 13 0.000 0.000 0.000 0.269 0.683 0.783 0.832 0.867 0.905 0.918
1 0 0 1 1 0 14 0.000 0.000 0.000 0.332 0.703 0.788 0.826 0.854 0.906 0.930
1 0 0 1 1 0 15 0.000 0.000 0.000 0.451 0.629 0.683 0.727 0.770 0.872 0.920
## root/v2_2/tight_electron_UL2016postVFP/egammaEffi.txt_EGM2D_Ele27_TightID_Selective_QMinus_hsseo_v2_1.root EGamma_EffData2D
ETA 1 1 16 -1 -2.5 -2.1 -1.8 -1.566 -1.444 -1.1 -0.8 -0.4 0.0 0.4 0.8 1.1 1.444 1.566 1.8 2.1 2.5
PT 1 1 10 -1 10.0 15.0 20.0 25.0 30.0 35.0 40.0 45.0 70.0 100.0 500.0
1 0 0 0 1 1 0 0.000 0.000 0.000 0.148 0.431 0.536 0.607 0.674 0.839 0.890
1 0 0 0 1 1 1 0.000 0.000 0.000 0.254 0.573 0.692 0.753 0.797 0.881 0.925
1 0 0 0 1 1 2 0.000 0.000 0.000 0.292 0.593 0.714 0.772 0.825 0.903 0.923
1 0 0 0 1 1 3 0.000 0.000 0.000 0.388 0.712 0.788 0.837 0.860 0.908 0.909
1 0 0 0 1 1 4 0.000 0.000 0.000 0.373 0.751 0.845 0.883 0.907 0.948 0.962
1 0 0 0 1 1 5 0.000 0.000 0.000 0.426 0.797 0.854 0.878 0.897 0.942 0.959
1 0 0 0 1 1 6 0.000 0.000 0.000 0.401 0.775 0.837 0.858 0.887 0.931 0.948
1 0 0 0 1 1 7 0.000 0.000 0.000 0.365 0.695 0.768 0.799 0.837 0.911 0.951
1 0 0 0 1 1 8 0.000 0.000 0.000 0.364 0.689 0.759 0.788 0.828 0.904 0.933
1 0 0 0 1 1 9 0.000 0.000 0.000 0.421 0.773 0.835 0.855 0.883 0.937 0.947
1 0 0 0 1 1 10 0.000 0.000 0.000 0.411 0.797 0.863 0.885 0.905 0.948 0.955
1 0 0 0 1 1 11 0.000 0.000 0.000 0.352 0.757 0.846 0.886 0.908 0.945 0.972
1 0 0 0 1 1 12 0.000 0.000 0.000 0.367 0.683 0.770 0.820 0.861 0.910 0.876
1 0 0 0 1 1 13 0.000 0.000 0.000 0.273 0.585 0.710 0.779 0.820 0.879 0.882
1 0 0 0 1 1 14 0.000 0.000 0.000 0.239 0.563 0.694 0.760 0.809 0.877 0.900
1 0 0 0 1 1 15 0.000 0.000 0.000 0.126 0.413 0.538 0.617 0.692 0.844 0.902
## root/v2_2/tight_electron_UL2016postVFP/egammaEffi.txt_EGM2D_Ele27_TightID_Selective_QMinus_hsseo_v2_1.root EGamma_EffMC2D
ETA 1 1 16 -1 -2.5 -2.1 -1.8 -1.566 -1.444 -1.1 -0.8 -0.4 0.0 0.4 0.8 1.1 1.444 1.566 1.8 2.1 2.5
PT 1 1 10 -1 10.0 15.0 20.0 25.0 30.0 35.0 40.0 45.0 70.0 100.0 500.0
1 0 0 1 1 1 0 0.000 0.000 0.000 0.464 0.573 0.628 0.680 0.735 0.860 0.897
1 0 0 1 1 1 1 0.000 0.000 0.000 0.429 0.697 0.772 0.808 0.843 0.909 0.932
1 0 0 1 1 1 2 0.000 0.000 0.000 0.323 0.696 0.789 0.832 0.865 0.910 0.927
1 0 0 1 1 1 3 0.000 0.000 0.000 0.295 0.692 0.811 0.846 0.874 0.897 0.937
1 0 0 1 1 1 4 0.000 0.000 0.000 0.238 0.754 0.858 0.897 0.920 0.959 0.972
1 0 0 1 1 1 5 0.000 0.000 0.000 0.317 0.814 0.877 0.903 0.919 0.956 0.969
1 0 0 1 1 1 6 0.000 0.000 0.000 0.378 0.805 0.855 0.881 0.906 0.945 0.968
1 0 0 1 1 1 7 0.000 0.000 0.000 0.383 0.766 0.815 0.847 0.876 0.927 0.955
1 0 0 1 1 1 8 0.000 0.000 0.000 0.381 0.761 0.812 0.847 0.878 0.929 0.961
1 0 0 1 1 1 9 0.000 0.000 0.000 0.383 0.797 0.852 0.879 0.908 0.951 0.956
1 0 0 1 1 1 10 0.000 0.000 0.000 0.335 0.817 0.875 0.903 0.921 0.958 0.974
1 0 0 1 1 1 11 0.000 0.000 0.000 0.238 0.752 0.859 0.899 0.922 0.958 0.971
1 0 0 1 1 1 12 0.000 0.000 0.000 0.295 0.678 0.791 0.836 0.865 0.904 0.953
1 0 0 1 1 1 13 0.000 0.000 0.000 0.286 0.703 0.794 0.843 0.868 0.896 0.929
1 0 0 1 1 1 14 0.000 0.000 0.000 0.337 0.711 0.789 0.825 0.855 0.896 0.916
1 0 0 1 1 1 15 0.000 0.000 0.000 0.454 0.631 0.686 0.731 0.776 0.881 0.923
