## root/v2_2/tight_electron_UL2016preVFP/egammaEffi.txt_EGM2D_TightID_Selective_QPlus_hsseo_v2_1.root EGamma_EffData2D
ETA 1 0 16 -1 -2.5 -2.1 -1.8 -1.566 -1.444 -1.1 -0.8 -0.4 0.0 0.4 0.8 1.1 1.444 1.566 1.8 2.1 2.5
PT 1 0 10 -1 10.0 15.0 20.0 25.0 30.0 35.0 40.0 45.0 70.0 100.0 500.0
1 0 0 0 0 0 0 0.335 0.401 0.403 0.462 0.508 0.541 0.566 0.588 0.643 0.647
1 0 0 0 0 0 1 0.402 0.496 0.525 0.553 0.605 0.636 0.664 0.686 0.663 0.723
1 0 0 0 0 0 2 0.400 0.450 0.496 0.550 0.597 0.638 0.673 0.698 0.720 0.747
1 0 0 0 0 0 3 0.289 0.345 0.267 0.341 0.412 0.462 0.521 0.538 0.527 0.588
1 0 0 0 0 0 4 0.336 0.370 0.404 0.480 0.540 0.582 0.628 0.660 0.680 0.721
1 0 0 0 0 0 5 0.384 0.483 0.507 0.559 0.623 0.673 0.709 0.734 0.762 0.819
1 0 0 0 0 0 6 0.385 0.468 0.508 0.563 0.624 0.672 0.714 0.741 0.773 0.815
1 0 0 0 0 0 7 0.380 0.479 0.510 0.569 0.628 0.669 0.709 0.729 0.771 0.812
1 0 0 0 0 0 8 0.401 0.474 0.536 0.597 0.648 0.689 0.727 0.748 0.780 0.825
1 0 0 0 0 0 9 0.380 0.507 0.515 0.580 0.643 0.686 0.725 0.752 0.784 0.806
1 0 0 0 0 0 10 0.390 0.493 0.516 0.588 0.640 0.686 0.723 0.748 0.787 0.800
1 0 0 0 0 0 11 0.321 0.358 0.404 0.469 0.525 0.575 0.619 0.649 0.686 0.707
1 0 0 0 0 0 12 0.248 0.350 0.256 0.328 0.391 0.455 0.512 0.521 0.466 0.586
1 0 0 0 0 0 13 0.387 0.480 0.459 0.538 0.604 0.645 0.690 0.707 0.705 0.729
1 0 0 0 0 0 14 0.438 0.488 0.500 0.556 0.603 0.635 0.668 0.689 0.703 0.726
1 0 0 0 0 0 15 0.338 0.409 0.415 0.464 0.506 0.538 0.564 0.591 0.616 0.637
## root/v2_2/tight_electron_UL2016preVFP/egammaEffi.txt_EGM2D_TightID_Selective_QPlus_hsseo_v2_1.root EGamma_EffMC2D
ETA 1 0 16 -1 -2.5 -2.1 -1.8 -1.566 -1.444 -1.1 -0.8 -0.4 0.0 0.4 0.8 1.1 1.444 1.566 1.8 2.1 2.5
PT 1 0 10 -1 10.0 15.0 20.0 25.0 30.0 35.0 40.0 45.0 70.0 100.0 500.0
1 0 0 1 0 0 0 0.334 0.408 0.416 0.470 0.507 0.542 0.576 0.597 0.627 0.613
1 0 0 1 0 0 1 0.415 0.489 0.515 0.564 0.611 0.645 0.677 0.698 0.713 0.732
1 0 0 1 0 0 2 0.399 0.483 0.490 0.552 0.611 0.645 0.682 0.705 0.746 0.763
1 0 0 1 0 0 3 0.234 0.323 0.253 0.329 0.402 0.461 0.529 0.544 0.505 0.581
1 0 0 1 0 0 4 0.286 0.396 0.424 0.495 0.550 0.600 0.651 0.679 0.720 0.725
1 0 0 1 0 0 5 0.390 0.494 0.517 0.587 0.648 0.694 0.739 0.763 0.790 0.834
1 0 0 1 0 0 6 0.389 0.501 0.519 0.585 0.646 0.698 0.744 0.773 0.803 0.826
1 0 0 1 0 0 7 0.374 0.501 0.546 0.616 0.675 0.722 0.763 0.787 0.815 0.851
1 0 0 1 0 0 8 0.390 0.511 0.569 0.629 0.686 0.730 0.766 0.792 0.821 0.843
1 0 0 1 0 0 9 0.419 0.502 0.539 0.597 0.658 0.706 0.749 0.775 0.810 0.839
1 0 0 1 0 0 10 0.413 0.484 0.522 0.595 0.653 0.698 0.741 0.767 0.797 0.819
1 0 0 1 0 0 11 0.280 0.397 0.421 0.486 0.550 0.600 0.650 0.678 0.706 0.731
1 0 0 1 0 0 12 0.277 0.315 0.251 0.332 0.408 0.467 0.523 0.547 0.516 0.501
1 0 0 1 0 0 13 0.393 0.482 0.487 0.551 0.609 0.654 0.693 0.714 0.731 0.765
1 0 0 1 0 0 14 0.429 0.504 0.512 0.571 0.619 0.652 0.686 0.705 0.730 0.749
1 0 0 1 0 0 15 0.329 0.422 0.413 0.464 0.505 0.539 0.567 0.593 0.620 0.613
## root/v2_2/tight_electron_UL2016preVFP/egammaEffi.txt_EGM2D_TightID_Selective_QMinus_hsseo_v2_1.root EGamma_EffData2D
ETA 1 0 16 -1 -2.5 -2.1 -1.8 -1.566 -1.444 -1.1 -0.8 -0.4 0.0 0.4 0.8 1.1 1.444 1.566 1.8 2.1 2.5
PT 1 0 10 -1 10.0 15.0 20.0 25.0 30.0 35.0 40.0 45.0 70.0 100.0 500.0
1 0 0 0 0 1 0 0.351 0.399 0.426 0.462 0.507 0.540 0.569 0.598 0.592 0.637
1 0 0 0 0 1 1 0.409 0.484 0.503 0.545 0.601 0.632 0.657 0.684 0.681 0.720
1 0 0 0 0 1 2 0.395 0.483 0.494 0.541 0.596 0.640 0.677 0.700 0.700 0.745
1 0 0 0 0 1 3 0.367 0.307 0.269 0.340 0.409 0.471 0.532 0.534 0.564 0.628
1 0 0 0 0 1 4 0.289 0.379 0.408 0.486 0.540 0.578 0.631 0.658 0.685 0.722
1 0 0 0 0 1 5 0.394 0.483 0.513 0.570 0.623 0.674 0.712 0.737 0.786 0.788
1 0 0 0 0 1 6 0.390 0.454 0.523 0.565 0.626 0.674 0.714 0.740 0.763 0.807
1 0 0 0 0 1 7 0.383 0.455 0.506 0.578 0.634 0.672 0.708 0.735 0.757 0.817
1 0 0 0 0 1 8 0.389 0.473 0.529 0.586 0.644 0.688 0.725 0.748 0.783 0.827
1 0 0 0 0 1 9 0.394 0.496 0.517 0.572 0.636 0.685 0.724 0.752 0.794 0.827
1 0 0 0 0 1 10 0.416 0.474 0.520 0.575 0.634 0.683 0.721 0.744 0.774 0.804
1 0 0 0 0 1 11 0.328 0.377 0.396 0.468 0.524 0.571 0.622 0.651 0.662 0.729
1 0 0 0 0 1 12 0.340 0.336 0.232 0.322 0.390 0.450 0.511 0.527 0.514 0.557
1 0 0 0 0 1 13 0.403 0.454 0.466 0.546 0.609 0.656 0.686 0.708 0.719 0.725
1 0 0 0 0 1 14 0.420 0.502 0.496 0.552 0.605 0.636 0.669 0.692 0.709 0.703
1 0 0 0 0 1 15 0.357 0.421 0.429 0.468 0.499 0.534 0.565 0.587 0.607 0.675
## root/v2_2/tight_electron_UL2016preVFP/egammaEffi.txt_EGM2D_TightID_Selective_QMinus_hsseo_v2_1.root EGamma_EffMC2D
ETA 1 0 16 -1 -2.5 -2.1 -1.8 -1.566 -1.444 -1.1 -0.8 -0.4 0.0 0.4 0.8 1.1 1.444 1.566 1.8 2.1 2.5
PT 1 0 10 -1 10.0 15.0 20.0 25.0 30.0 35.0 40.0 45.0 70.0 100.0 500.0
1 0 0 1 0 1 0 0.330 0.421 0.430 0.466 0.507 0.542 0.573 0.594 0.633 0.643
1 0 0 1 0 1 1 0.413 0.494 0.511 0.566 0.607 0.640 0.678 0.699 0.719 0.749
1 0 0 1 0 1 2 0.400 0.484 0.503 0.553 0.609 0.645 0.682 0.705 0.736 0.702
1 0 0 1 0 1 3 0.260 0.332 0.261 0.337 0.403 0.472 0.537 0.545 0.520 0.551
1 0 0 1 0 1 4 0.297 0.389 0.429 0.498 0.551 0.603 0.651 0.681 0.706 0.724
1 0 0 1 0 1 5 0.379 0.481 0.528 0.592 0.655 0.696 0.737 0.762 0.790 0.823
1 0 0 1 0 1 6 0.388 0.489 0.530 0.589 0.653 0.702 0.741 0.770 0.802 0.818
1 0 0 1 0 1 7 0.376 0.503 0.564 0.624 0.682 0.725 0.764 0.787 0.822 0.846
1 0 0 1 0 1 8 0.383 0.488 0.558 0.623 0.684 0.727 0.768 0.790 0.819 0.847
1 0 0 1 0 1 9 0.387 0.506 0.534 0.588 0.656 0.705 0.747 0.778 0.809 0.835
1 0 0 1 0 1 10 0.397 0.490 0.529 0.588 0.645 0.697 0.739 0.765 0.803 0.820
1 0 0 1 0 1 11 0.294 0.393 0.411 0.486 0.546 0.597 0.646 0.673 0.704 0.751
1 0 0 1 0 1 12 0.255 0.300 0.247 0.323 0.397 0.461 0.522 0.542 0.528 0.521
1 0 0 1 0 1 13 0.401 0.491 0.484 0.562 0.610 0.653 0.693 0.714 0.732 0.760
1 0 0 1 0 1 14 0.407 0.504 0.515 0.568 0.619 0.653 0.682 0.704 0.725 0.717
1 0 0 1 0 1 15 0.349 0.421 0.419 0.466 0.505 0.537 0.570 0.593 0.647 0.654
## root/v2_2/tight_electron_UL2016preVFP/egammaEffi.txt_EGM2D_Ele27_TightID_Selective_QPlus_hsseo_v2_1.root EGamma_EffData2D
ETA 1 1 16 -1 -2.5 -2.1 -1.8 -1.566 -1.444 -1.1 -0.8 -0.4 0.0 0.4 0.8 1.1 1.444 1.566 1.8 2.1 2.5
PT 1 1 10 -1 10.0 15.0 20.0 25.0 30.0 35.0 40.0 45.0 70.0 100.0 500.0
1 0 0 0 1 0 0 0.000 0.000 0.000 0.242 0.622 0.690 0.727 0.763 0.802 0.792
1 0 0 0 1 0 1 0.000 0.000 0.000 0.343 0.668 0.735 0.774 0.804 0.836 0.832
1 0 0 0 1 0 2 0.000 0.000 0.000 0.349 0.641 0.714 0.761 0.799 0.810 0.832
1 0 0 0 1 0 3 0.000 0.000 0.000 0.452 0.706 0.761 0.818 0.838 0.876 0.875
1 0 0 0 1 0 4 0.000 0.000 0.000 0.441 0.759 0.824 0.869 0.903 0.955 0.957
1 0 0 0 1 0 5 0.000 0.000 0.000 0.503 0.814 0.864 0.898 0.920 0.952 0.953
1 0 0 0 1 0 6 0.000 0.000 0.000 0.466 0.779 0.837 0.885 0.913 0.948 0.946
1 0 0 0 1 0 7 0.000 0.000 0.000 0.403 0.701 0.776 0.843 0.880 0.931 0.946
1 0 0 0 1 0 8 0.000 0.000 0.000 0.406 0.704 0.778 0.839 0.871 0.917 0.941
1 0 0 0 1 0 9 0.000 0.000 0.000 0.482 0.785 0.837 0.879 0.905 0.922 0.950
1 0 0 0 1 0 10 0.000 0.000 0.000 0.481 0.817 0.863 0.898 0.918 0.942 0.960
1 0 0 0 1 0 11 0.000 0.000 0.000 0.413 0.752 0.819 0.869 0.906 0.952 0.958
1 0 0 0 1 0 12 0.000 0.000 0.000 0.407 0.689 0.762 0.815 0.850 0.885 0.872
1 0 0 0 1 0 13 0.000 0.000 0.000 0.300 0.629 0.720 0.772 0.808 0.855 0.841
1 0 0 0 1 0 14 0.000 0.000 0.000 0.283 0.669 0.739 0.773 0.804 0.847 0.840
1 0 0 0 1 0 15 0.000 0.000 0.000 0.195 0.602 0.693 0.736 0.768 0.834 0.818
## root/v2_2/tight_electron_UL2016preVFP/egammaEffi.txt_EGM2D_Ele27_TightID_Selective_QPlus_hsseo_v2_1.root EGamma_EffMC2D
ETA 1 1 16 -1 -2.5 -2.1 -1.8 -1.566 -1.444 -1.1 -0.8 -0.4 0.0 0.4 0.8 1.1 1.444 1.566 1.8 2.1 2.5
PT 1 1 10 -1 10.0 15.0 20.0 25.0 30.0 35.0 40.0 45.0 70.0 100.0 500.0
1 0 0 1 1 0 0 0.000 0.000 0.000 0.443 0.550 0.602 0.647 0.710 0.820 0.899
1 0 0 1 1 0 1 0.000 0.000 0.000 0.434 0.687 0.758 0.796 0.830 0.878 0.908
1 0 0 1 1 0 2 0.000 0.000 0.000 0.320 0.673 0.767 0.813 0.844 0.910 0.919
1 0 0 1 1 0 3 0.000 0.000 0.000 0.311 0.683 0.790 0.837 0.865 0.890 0.939
1 0 0 1 1 0 4 0.000 0.000 0.000 0.259 0.761 0.862 0.896 0.921 0.963 0.972
1 0 0 1 1 0 5 0.000 0.000 0.000 0.341 0.824 0.876 0.901 0.918 0.953 0.972
1 0 0 1 1 0 6 0.000 0.000 0.000 0.394 0.799 0.846 0.874 0.900 0.945 0.962
1 0 0 1 1 0 7 0.000 0.000 0.000 0.393 0.763 0.812 0.843 0.873 0.925 0.956
1 0 0 1 1 0 8 0.000 0.000 0.000 0.368 0.768 0.814 0.845 0.871 0.922 0.952
1 0 0 1 1 0 9 0.000 0.000 0.000 0.359 0.803 0.852 0.878 0.904 0.942 0.971
1 0 0 1 1 0 10 0.000 0.000 0.000 0.304 0.813 0.878 0.903 0.921 0.959 0.968
1 0 0 1 1 0 11 0.000 0.000 0.000 0.212 0.747 0.854 0.895 0.919 0.951 0.973
1 0 0 1 1 0 12 0.000 0.000 0.000 0.268 0.669 0.770 0.839 0.857 0.875 0.903
1 0 0 1 1 0 13 0.000 0.000 0.000 0.256 0.673 0.771 0.819 0.852 0.879 0.895
1 0 0 1 1 0 14 0.000 0.000 0.000 0.300 0.695 0.770 0.811 0.839 0.882 0.916
1 0 0 1 1 0 15 0.000 0.000 0.000 0.436 0.625 0.672 0.704 0.755 0.832 0.909
## root/v2_2/tight_electron_UL2016preVFP/egammaEffi.txt_EGM2D_Ele27_TightID_Selective_QMinus_hsseo_v2_1.root EGamma_EffData2D
ETA 1 1 16 -1 -2.5 -2.1 -1.8 -1.566 -1.444 -1.1 -0.8 -0.4 0.0 0.4 0.8 1.1 1.444 1.566 1.8 2.1 2.5
PT 1 1 10 -1 10.0 15.0 20.0 25.0 30.0 35.0 40.0 45.0 70.0 100.0 500.0
1 0 0 0 1 1 0 0.000 0.000 0.000 0.242 0.616 0.692 0.727 0.767 0.802 0.822
1 0 0 0 1 1 1 0.000 0.000 0.000 0.349 0.675 0.736 0.772 0.800 0.826 0.825
1 0 0 0 1 1 2 0.000 0.000 0.000 0.363 0.643 0.724 0.773 0.805 0.838 0.825
1 0 0 0 1 1 3 0.000 0.000 0.000 0.463 0.716 0.782 0.828 0.849 0.867 0.860
1 0 0 0 1 1 4 0.000 0.000 0.000 0.440 0.760 0.824 0.869 0.906 0.951 0.961
1 0 0 0 1 1 5 0.000 0.000 0.000 0.502 0.816 0.864 0.899 0.919 0.959 0.950
1 0 0 0 1 1 6 0.000 0.000 0.000 0.463 0.780 0.837 0.884 0.911 0.946 0.948
1 0 0 0 1 1 7 0.000 0.000 0.000 0.402 0.704 0.780 0.841 0.881 0.934 0.944
1 0 0 0 1 1 8 0.000 0.000 0.000 0.409 0.703 0.777 0.837 0.873 0.920 0.934
1 0 0 0 1 1 9 0.000 0.000 0.000 0.475 0.781 0.835 0.878 0.904 0.935 0.948
1 0 0 0 1 1 10 0.000 0.000 0.000 0.482 0.812 0.861 0.897 0.920 0.952 0.962
1 0 0 0 1 1 11 0.000 0.000 0.000 0.411 0.752 0.819 0.869 0.908 0.946 0.962
1 0 0 0 1 1 12 0.000 0.000 0.000 0.422 0.713 0.769 0.823 0.847 0.913 0.875
1 0 0 0 1 1 13 0.000 0.000 0.000 0.328 0.662 0.735 0.781 0.815 0.839 0.839
1 0 0 0 1 1 14 0.000 0.000 0.000 0.295 0.674 0.747 0.775 0.805 0.836 0.846
1 0 0 0 1 1 15 0.000 0.000 0.000 0.203 0.609 0.693 0.736 0.772 0.788 0.840
## root/v2_2/tight_electron_UL2016preVFP/egammaEffi.txt_EGM2D_Ele27_TightID_Selective_QMinus_hsseo_v2_1.root EGamma_EffMC2D
ETA 1 1 16 -1 -2.5 -2.1 -1.8 -1.566 -1.444 -1.1 -0.8 -0.4 0.0 0.4 0.8 1.1 1.444 1.566 1.8 2.1 2.5
PT 1 1 10 -1 10.0 15.0 20.0 25.0 30.0 35.0 40.0 45.0 70.0 100.0 500.0
1 0 0 1 1 1 0 0.000 0.000 0.000 0.453 0.550 0.606 0.653 0.706 0.821 0.859
1 0 0 1 1 1 1 0.000 0.000 0.000 0.452 0.699 0.762 0.797 0.832 0.887 0.895
1 0 0 1 1 1 2 0.000 0.000 0.000 0.329 0.687 0.784 0.824 0.848 0.896 0.889
1 0 0 1 1 1 3 0.000 0.000 0.000 0.305 0.695 0.795 0.841 0.868 0.891 0.920
1 0 0 1 1 1 4 0.000 0.000 0.000 0.257 0.763 0.860 0.896 0.921 0.964 0.979
1 0 0 1 1 1 5 0.000 0.000 0.000 0.343 0.827 0.880 0.904 0.921 0.960 0.972
1 0 0 1 1 1 6 0.000 0.000 0.000 0.401 0.805 0.853 0.879 0.902 0.939 0.959
1 0 0 1 1 1 7 0.000 0.000 0.000 0.398 0.765 0.814 0.845 0.873 0.924 0.956
1 0 0 1 1 1 8 0.000 0.000 0.000 0.362 0.762 0.808 0.841 0.871 0.920 0.948
1 0 0 1 1 1 9 0.000 0.000 0.000 0.355 0.796 0.846 0.876 0.902 0.948 0.961
1 0 0 1 1 1 10 0.000 0.000 0.000 0.303 0.811 0.872 0.899 0.918 0.953 0.963
1 0 0 1 1 1 11 0.000 0.000 0.000 0.208 0.738 0.854 0.895 0.918 0.963 0.963
1 0 0 1 1 1 12 0.000 0.000 0.000 0.280 0.672 0.782 0.832 0.858 0.898 0.957
1 0 0 1 1 1 13 0.000 0.000 0.000 0.267 0.698 0.781 0.830 0.857 0.898 0.920
1 0 0 1 1 1 14 0.000 0.000 0.000 0.315 0.697 0.776 0.810 0.840 0.884 0.915
1 0 0 1 1 1 15 0.000 0.000 0.000 0.435 0.615 0.668 0.707 0.756 0.860 0.889
