## root/v2_2/tight_electron_UL2017/egammaEffi.txt_EGM2D_TightID_Selective_QPlus_hsseo_v2_1.root EGamma_EffData2D
ETA 1 0 16 -1 -2.5 -2.1 -1.8 -1.566 -1.444 -1.1 -0.8 -0.4 0.0 0.4 0.8 1.1 1.444 1.566 1.8 2.1 2.5
PT 1 0 10 -1 10.0 15.0 20.0 25.0 30.0 35.0 40.0 45.0 70.0 100.0 500.0
1 0 0 0 0 0 0 0.348 0.430 0.454 0.501 0.549 0.588 0.622 0.646 0.681 0.652
1 0 0 0 0 0 1 0.457 0.546 0.572 0.616 0.667 0.707 0.733 0.757 0.759 0.753
1 0 0 0 0 0 2 0.418 0.525 0.560 0.619 0.661 0.707 0.746 0.770 0.780 0.803
1 0 0 0 0 0 3 0.232 0.370 0.278 0.359 0.428 0.501 0.573 0.592 0.599 0.569
1 0 0 0 0 0 4 0.305 0.391 0.422 0.485 0.540 0.597 0.641 0.678 0.712 0.763
1 0 0 0 0 0 5 0.341 0.494 0.516 0.587 0.646 0.699 0.740 0.770 0.809 0.839
1 0 0 0 0 0 6 0.350 0.479 0.528 0.578 0.642 0.700 0.746 0.773 0.814 0.842
1 0 0 0 0 0 7 0.354 0.504 0.548 0.607 0.659 0.709 0.753 0.781 0.812 0.855
1 0 0 0 0 0 8 0.397 0.503 0.566 0.614 0.674 0.720 0.761 0.786 0.818 0.857
1 0 0 0 0 0 9 0.400 0.496 0.547 0.598 0.655 0.709 0.754 0.784 0.804 0.853
1 0 0 0 0 0 10 0.362 0.478 0.529 0.590 0.649 0.702 0.745 0.773 0.808 0.839
1 0 0 0 0 0 11 0.290 0.361 0.407 0.472 0.529 0.585 0.637 0.667 0.698 0.744
1 0 0 0 0 0 12 0.293 0.319 0.302 0.340 0.419 0.491 0.562 0.582 0.550 0.621
1 0 0 0 0 0 13 0.435 0.531 0.525 0.596 0.647 0.701 0.742 0.762 0.768 0.792
1 0 0 0 0 0 14 0.459 0.547 0.561 0.606 0.658 0.699 0.732 0.752 0.791 0.774
1 0 0 0 0 0 15 0.381 0.421 0.465 0.508 0.548 0.591 0.623 0.649 0.657 0.661
## root/v2_2/tight_electron_UL2017/egammaEffi.txt_EGM2D_TightID_Selective_QPlus_hsseo_v2_1.root EGamma_EffMC2D
ETA 1 0 16 -1 -2.5 -2.1 -1.8 -1.566 -1.444 -1.1 -0.8 -0.4 0.0 0.4 0.8 1.1 1.444 1.566 1.8 2.1 2.5
PT 1 0 10 -1 10.0 15.0 20.0 25.0 30.0 35.0 40.0 45.0 70.0 100.0 500.0
1 0 0 1 0 0 0 0.337 0.422 0.449 0.492 0.535 0.577 0.610 0.637 0.664 0.705
1 0 0 1 0 0 1 0.431 0.541 0.580 0.619 0.676 0.709 0.739 0.759 0.788 0.760
1 0 0 1 0 0 2 0.436 0.551 0.563 0.626 0.674 0.719 0.754 0.777 0.786 0.779
1 0 0 1 0 0 3 0.280 0.364 0.287 0.364 0.435 0.503 0.562 0.590 0.550 0.618
1 0 0 1 0 0 4 0.265 0.391 0.441 0.499 0.557 0.613 0.664 0.698 0.750 0.779
1 0 0 1 0 0 5 0.342 0.485 0.540 0.599 0.659 0.713 0.763 0.786 0.825 0.847
1 0 0 1 0 0 6 0.354 0.480 0.546 0.611 0.671 0.720 0.769 0.798 0.826 0.846
1 0 0 1 0 0 7 0.327 0.527 0.575 0.638 0.697 0.744 0.788 0.815 0.852 0.879
1 0 0 1 0 0 8 0.354 0.516 0.588 0.651 0.700 0.747 0.787 0.814 0.847 0.874
1 0 0 1 0 0 9 0.374 0.498 0.559 0.618 0.674 0.728 0.770 0.801 0.832 0.876
1 0 0 1 0 0 10 0.377 0.482 0.533 0.595 0.662 0.713 0.755 0.784 0.823 0.844
1 0 0 1 0 0 11 0.278 0.380 0.426 0.487 0.546 0.600 0.652 0.685 0.723 0.749
1 0 0 1 0 0 12 0.294 0.364 0.295 0.359 0.436 0.504 0.569 0.597 0.607 0.546
1 0 0 1 0 0 13 0.431 0.537 0.537 0.612 0.672 0.712 0.752 0.776 0.810 0.817
1 0 0 1 0 0 14 0.416 0.555 0.568 0.622 0.672 0.703 0.737 0.762 0.775 0.749
1 0 0 1 0 0 15 0.306 0.386 0.431 0.485 0.528 0.569 0.593 0.628 0.701 0.685
## root/v2_2/tight_electron_UL2017/egammaEffi.txt_EGM2D_TightID_Selective_QMinus_hsseo_v2_1.root EGamma_EffData2D
ETA 1 0 16 -1 -2.5 -2.1 -1.8 -1.566 -1.444 -1.1 -0.8 -0.4 0.0 0.4 0.8 1.1 1.444 1.566 1.8 2.1 2.5
PT 1 0 10 -1 10.0 15.0 20.0 25.0 30.0 35.0 40.0 45.0 70.0 100.0 500.0
1 0 0 0 0 1 0 0.361 0.415 0.467 0.502 0.558 0.590 0.624 0.646 0.677 0.668
1 0 0 0 0 1 1 0.445 0.546 0.578 0.610 0.662 0.702 0.737 0.757 0.765 0.775
1 0 0 0 0 1 2 0.444 0.553 0.549 0.602 0.662 0.708 0.747 0.768 0.801 0.799
1 0 0 0 0 1 3 0.410 0.385 0.281 0.339 0.428 0.499 0.566 0.595 0.558 0.596
1 0 0 0 0 1 4 0.254 0.394 0.426 0.493 0.550 0.597 0.649 0.680 0.729 0.747
1 0 0 0 0 1 5 0.354 0.495 0.523 0.595 0.648 0.700 0.743 0.771 0.794 0.854
1 0 0 0 0 1 6 0.384 0.490 0.529 0.589 0.647 0.700 0.746 0.774 0.810 0.849
1 0 0 0 0 1 7 0.360 0.476 0.558 0.587 0.662 0.715 0.756 0.781 0.814 0.860
1 0 0 0 0 1 8 0.360 0.499 0.559 0.608 0.669 0.716 0.761 0.784 0.828 0.867
1 0 0 0 0 1 9 0.358 0.487 0.527 0.588 0.655 0.710 0.754 0.781 0.807 0.864
1 0 0 0 0 1 10 0.361 0.487 0.516 0.584 0.641 0.698 0.745 0.773 0.820 0.839
1 0 0 0 0 1 11 0.296 0.385 0.411 0.466 0.528 0.584 0.633 0.667 0.732 0.745
1 0 0 0 0 1 12 0.270 0.309 0.291 0.340 0.409 0.491 0.551 0.581 0.561 0.562
1 0 0 0 0 1 13 0.456 0.504 0.531 0.589 0.654 0.701 0.742 0.763 0.788 0.804
1 0 0 0 0 1 14 0.484 0.533 0.574 0.621 0.657 0.698 0.735 0.755 0.751 0.793
1 0 0 0 0 1 15 0.376 0.446 0.456 0.513 0.557 0.590 0.622 0.647 0.680 0.694
## root/v2_2/tight_electron_UL2017/egammaEffi.txt_EGM2D_TightID_Selective_QMinus_hsseo_v2_1.root EGamma_EffMC2D
ETA 1 0 16 -1 -2.5 -2.1 -1.8 -1.566 -1.444 -1.1 -0.8 -0.4 0.0 0.4 0.8 1.1 1.444 1.566 1.8 2.1 2.5
PT 1 0 10 -1 10.0 15.0 20.0 25.0 30.0 35.0 40.0 45.0 70.0 100.0 500.0
1 0 0 1 0 1 0 0.321 0.402 0.435 0.501 0.539 0.574 0.609 0.639 0.681 0.678
1 0 0 1 0 1 1 0.414 0.547 0.563 0.626 0.670 0.711 0.742 0.764 0.764 0.770
1 0 0 1 0 1 2 0.461 0.539 0.562 0.624 0.680 0.717 0.753 0.776 0.804 0.792
1 0 0 1 0 1 3 0.233 0.335 0.274 0.363 0.426 0.504 0.572 0.590 0.547 0.475
1 0 0 1 0 1 4 0.269 0.403 0.444 0.505 0.557 0.614 0.665 0.698 0.742 0.764
1 0 0 1 0 1 5 0.346 0.481 0.537 0.605 0.665 0.714 0.760 0.786 0.815 0.846
1 0 0 1 0 1 6 0.367 0.508 0.549 0.613 0.670 0.725 0.771 0.799 0.839 0.836
1 0 0 1 0 1 7 0.365 0.494 0.576 0.645 0.699 0.749 0.790 0.816 0.844 0.865
1 0 0 1 0 1 8 0.333 0.503 0.582 0.638 0.697 0.746 0.788 0.812 0.843 0.884
1 0 0 1 0 1 9 0.365 0.498 0.556 0.609 0.674 0.728 0.771 0.799 0.826 0.863
1 0 0 1 0 1 10 0.356 0.481 0.536 0.596 0.651 0.710 0.757 0.785 0.814 0.851
1 0 0 1 0 1 11 0.274 0.374 0.432 0.489 0.541 0.600 0.652 0.686 0.744 0.769
1 0 0 1 0 1 12 0.282 0.376 0.295 0.365 0.432 0.501 0.565 0.585 0.531 0.584
1 0 0 1 0 1 13 0.429 0.546 0.541 0.614 0.674 0.716 0.750 0.775 0.797 0.810
1 0 0 1 0 1 14 0.434 0.568 0.571 0.617 0.668 0.703 0.738 0.756 0.794 0.820
1 0 0 1 0 1 15 0.313 0.389 0.439 0.488 0.528 0.569 0.597 0.627 0.674 0.697
## root/v2_2/tight_electron_UL2017/egammaEffi.txt_EGM2D_Ele27Or_TightID_Selective_QPlus_hsseo_v2_2.root EGamma_EffData2D
ETA 1 1 16 -1 -2.5 -2.1 -1.8 -1.566 -1.444 -1.1 -0.8 -0.4 0.0 0.4 0.8 1.1 1.444 1.566 1.8 2.1 2.5
PT 1 1 18 -1 10.0 15.0 20.0 24.0 26.0 27.0 28.0 29.0 30.0 31.0 32.0 33.0 34.0 35.0 40.0 45.0 70.0 100.0 500.0
1 0 0 0 1 0 0 0.000 0.000 0.000 0.014 0.061 0.150 0.269 0.378 0.492 0.561 0.609 0.695 0.732 0.791 0.820 0.852 0.917 0.915
1 0 0 0 1 0 1 0.000 0.000 0.000 0.005 0.035 0.142 0.310 0.454 0.535 0.603 0.663 0.745 0.788 0.840 0.861 0.878 0.918 0.943
1 0 0 0 1 0 2 0.000 0.000 0.000 0.011 0.058 0.192 0.336 0.444 0.507 0.576 0.667 0.751 0.797 0.841 0.868 0.884 0.929 0.915
1 0 0 0 1 0 3 0.000 0.000 0.000 0.135 0.219 0.356 0.477 0.530 0.592 0.689 0.755 0.789 0.845 0.858 0.870 0.875 0.907 0.882
1 0 0 0 1 0 4 0.000 0.000 0.000 0.003 0.030 0.135 0.258 0.376 0.450 0.509 0.610 0.732 0.808 0.861 0.888 0.901 0.933 0.947
1 0 0 0 1 0 5 0.000 0.000 0.000 0.004 0.037 0.202 0.440 0.529 0.562 0.612 0.701 0.799 0.864 0.893 0.906 0.912 0.941 0.959
1 0 0 0 1 0 6 0.000 0.000 0.000 0.004 0.040 0.223 0.484 0.568 0.599 0.646 0.721 0.822 0.863 0.886 0.897 0.909 0.934 0.941
1 0 0 0 1 0 7 0.000 0.000 0.000 0.001 0.016 0.189 0.434 0.490 0.519 0.557 0.669 0.800 0.837 0.862 0.877 0.889 0.922 0.942
1 0 0 0 1 0 8 0.000 0.000 0.000 0.002 0.021 0.210 0.462 0.535 0.550 0.589 0.685 0.798 0.836 0.852 0.864 0.874 0.902 0.919
1 0 0 0 1 0 9 0.000 0.000 0.000 0.002 0.037 0.220 0.487 0.595 0.614 0.650 0.719 0.809 0.844 0.863 0.872 0.885 0.924 0.928
1 0 0 0 1 0 10 0.000 0.000 0.000 0.002 0.021 0.151 0.366 0.476 0.526 0.557 0.658 0.766 0.836 0.873 0.886 0.893 0.925 0.931
1 0 0 0 1 0 11 0.000 0.000 0.000 0.003 0.022 0.101 0.216 0.307 0.360 0.420 0.535 0.684 0.772 0.837 0.864 0.880 0.913 0.933
1 0 0 0 1 0 12 0.000 0.000 0.000 0.076 0.158 0.241 0.373 0.481 0.561 0.643 0.687 0.770 0.817 0.853 0.868 0.881 0.928 0.873
1 0 0 0 1 0 13 0.000 0.000 0.000 0.007 0.034 0.146 0.293 0.415 0.488 0.555 0.652 0.738 0.791 0.851 0.877 0.892 0.936 0.937
1 0 0 0 1 0 14 0.000 0.000 0.000 0.002 0.017 0.089 0.236 0.375 0.448 0.518 0.598 0.696 0.767 0.836 0.855 0.869 0.912 0.913
1 0 0 0 1 0 15 0.000 0.000 0.000 0.022 0.049 0.102 0.188 0.295 0.367 0.433 0.522 0.613 0.667 0.756 0.800 0.831 0.907 0.908
## root/v2_2/tight_electron_UL2017/egammaEffi.txt_EGM2D_Ele27Or_TightID_Selective_QPlus_hsseo_v2_2.root EGamma_EffMC2D
ETA 1 1 16 -1 -2.5 -2.1 -1.8 -1.566 -1.444 -1.1 -0.8 -0.4 0.0 0.4 0.8 1.1 1.444 1.566 1.8 2.1 2.5
PT 1 1 18 -1 10.0 15.0 20.0 24.0 26.0 27.0 28.0 29.0 30.0 31.0 32.0 33.0 34.0 35.0 40.0 45.0 70.0 100.0 500.0
1 0 0 1 1 0 0 0.000 0.000 0.000 0.167 0.267 0.372 0.469 0.548 0.620 0.664 0.676 0.710 0.723 0.750 0.791 0.819 0.863 0.866
1 0 0 1 1 0 1 0.000 0.000 0.000 0.061 0.183 0.349 0.497 0.612 0.701 0.778 0.801 0.825 0.847 0.868 0.888 0.901 0.944 0.947
1 0 0 1 1 0 2 0.000 0.000 0.000 0.032 0.123 0.293 0.523 0.678 0.776 0.816 0.860 0.860 0.865 0.885 0.901 0.910 0.931 0.946
1 0 0 1 1 0 3 0.000 0.000 0.000 0.209 0.402 0.515 0.682 0.768 0.780 0.809 0.832 0.875 0.876 0.872 0.885 0.896 0.929 0.901
1 0 0 1 1 0 4 0.000 0.000 0.000 0.069 0.292 0.503 0.664 0.755 0.802 0.826 0.843 0.850 0.867 0.872 0.895 0.907 0.942 0.952
1 0 0 1 1 0 5 0.000 0.000 0.000 0.081 0.317 0.552 0.740 0.832 0.847 0.861 0.867 0.879 0.876 0.895 0.908 0.917 0.939 0.962
1 0 0 1 1 0 6 0.000 0.000 0.000 0.072 0.317 0.604 0.765 0.815 0.833 0.844 0.856 0.861 0.875 0.886 0.896 0.910 0.939 0.942
1 0 0 1 1 0 7 0.000 0.000 0.000 0.054 0.306 0.611 0.767 0.809 0.824 0.837 0.847 0.867 0.869 0.883 0.897 0.907 0.929 0.946
1 0 0 1 1 0 8 0.000 0.000 0.000 0.062 0.310 0.566 0.749 0.808 0.815 0.840 0.847 0.864 0.863 0.877 0.887 0.898 0.924 0.932
1 0 0 1 1 0 9 0.000 0.000 0.000 0.084 0.324 0.577 0.738 0.803 0.833 0.843 0.854 0.860 0.862 0.879 0.889 0.900 0.926 0.946
1 0 0 1 1 0 10 0.000 0.000 0.000 0.062 0.301 0.540 0.717 0.791 0.838 0.849 0.857 0.869 0.872 0.886 0.901 0.908 0.936 0.954
1 0 0 1 1 0 11 0.000 0.000 0.000 0.052 0.266 0.447 0.632 0.722 0.785 0.814 0.829 0.829 0.849 0.861 0.881 0.893 0.935 0.952
1 0 0 1 1 0 12 0.000 0.000 0.000 0.170 0.403 0.584 0.704 0.769 0.791 0.811 0.836 0.845 0.853 0.867 0.887 0.897 0.917 0.915
1 0 0 1 1 0 13 0.000 0.000 0.000 0.036 0.138 0.330 0.525 0.678 0.772 0.826 0.846 0.849 0.873 0.888 0.910 0.916 0.941 0.951
1 0 0 1 1 0 14 0.000 0.000 0.000 0.043 0.180 0.304 0.490 0.632 0.734 0.798 0.824 0.837 0.855 0.868 0.883 0.894 0.917 0.948
1 0 0 1 1 0 15 0.000 0.000 0.000 0.170 0.287 0.374 0.473 0.527 0.599 0.644 0.686 0.702 0.716 0.742 0.775 0.810 0.857 0.918
## root/v2_2/tight_electron_UL2017/egammaEffi.txt_EGM2D_Ele27Or_TightID_Selective_QMinus_hsseo_v2_2.root EGamma_EffData2D
ETA 1 1 16 -1 -2.5 -2.1 -1.8 -1.566 -1.444 -1.1 -0.8 -0.4 0.0 0.4 0.8 1.1 1.444 1.566 1.8 2.1 2.5
PT 1 1 18 -1 10.0 15.0 20.0 24.0 26.0 27.0 28.0 29.0 30.0 31.0 32.0 33.0 34.0 35.0 40.0 45.0 70.0 100.0 500.0
1 0 0 0 1 1 0 0.000 0.000 0.000 0.015 0.057 0.149 0.263 0.382 0.493 0.551 0.619 0.681 0.734 0.794 0.824 0.848 0.900 0.929
1 0 0 0 1 1 1 0.000 0.000 0.000 0.002 0.031 0.139 0.311 0.452 0.528 0.586 0.670 0.746 0.792 0.841 0.859 0.877 0.921 0.939
1 0 0 0 1 1 2 0.000 0.000 0.000 0.009 0.047 0.178 0.348 0.447 0.505 0.577 0.647 0.751 0.804 0.843 0.871 0.884 0.922 0.930
1 0 0 0 1 1 3 0.000 0.000 0.000 0.116 0.215 0.314 0.455 0.565 0.614 0.667 0.751 0.781 0.829 0.856 0.870 0.881 0.900 0.866
1 0 0 0 1 1 4 0.000 0.000 0.000 0.003 0.034 0.143 0.275 0.379 0.438 0.518 0.614 0.734 0.812 0.863 0.887 0.904 0.933 0.945
1 0 0 0 1 1 5 0.000 0.000 0.000 0.002 0.032 0.209 0.430 0.543 0.576 0.623 0.710 0.812 0.866 0.895 0.907 0.913 0.949 0.952
1 0 0 0 1 1 6 0.000 0.000 0.000 0.003 0.035 0.234 0.482 0.568 0.608 0.634 0.721 0.824 0.863 0.887 0.898 0.910 0.935 0.952
1 0 0 0 1 1 7 0.000 0.000 0.000 0.001 0.019 0.196 0.437 0.508 0.534 0.565 0.667 0.796 0.848 0.866 0.877 0.891 0.925 0.928
1 0 0 0 1 1 8 0.000 0.000 0.000 0.001 0.020 0.208 0.464 0.515 0.546 0.576 0.675 0.792 0.830 0.850 0.860 0.875 0.897 0.921
1 0 0 0 1 1 9 0.000 0.000 0.000 0.002 0.035 0.232 0.495 0.583 0.615 0.650 0.722 0.809 0.838 0.862 0.872 0.883 0.900 0.929
1 0 0 0 1 1 10 0.000 0.000 0.000 0.002 0.025 0.163 0.374 0.472 0.511 0.559 0.648 0.764 0.840 0.872 0.886 0.891 0.918 0.936
1 0 0 0 1 1 11 0.000 0.000 0.000 0.002 0.022 0.094 0.221 0.291 0.359 0.429 0.540 0.681 0.775 0.838 0.860 0.881 0.920 0.935
1 0 0 0 1 1 12 0.000 0.000 0.000 0.086 0.162 0.286 0.372 0.479 0.574 0.619 0.697 0.773 0.812 0.855 0.861 0.872 0.892 0.896
1 0 0 0 1 1 13 0.000 0.000 0.000 0.003 0.022 0.161 0.301 0.421 0.496 0.553 0.647 0.735 0.798 0.855 0.876 0.894 0.934 0.942
1 0 0 0 1 1 14 0.000 0.000 0.000 0.001 0.019 0.082 0.240 0.369 0.461 0.506 0.609 0.692 0.765 0.825 0.851 0.867 0.911 0.925
1 0 0 0 1 1 15 0.000 0.000 0.000 0.021 0.053 0.105 0.195 0.291 0.363 0.441 0.545 0.605 0.673 0.755 0.800 0.826 0.877 0.912
## root/v2_2/tight_electron_UL2017/egammaEffi.txt_EGM2D_Ele27Or_TightID_Selective_QMinus_hsseo_v2_2.root EGamma_EffMC2D
ETA 1 1 16 -1 -2.5 -2.1 -1.8 -1.566 -1.444 -1.1 -0.8 -0.4 0.0 0.4 0.8 1.1 1.444 1.566 1.8 2.1 2.5
PT 1 1 18 -1 10.0 15.0 20.0 24.0 26.0 27.0 28.0 29.0 30.0 31.0 32.0 33.0 34.0 35.0 40.0 45.0 70.0 100.0 500.0
1 0 0 1 1 1 0 0.000 0.000 0.000 0.156 0.276 0.379 0.480 0.545 0.604 0.641 0.690 0.715 0.721 0.750 0.788 0.816 0.861 0.930
1 0 0 1 1 1 1 0.000 0.000 0.000 0.057 0.196 0.343 0.502 0.645 0.743 0.778 0.809 0.825 0.846 0.868 0.887 0.899 0.941 0.941
1 0 0 1 1 1 2 0.000 0.000 0.000 0.035 0.136 0.301 0.509 0.683 0.773 0.827 0.851 0.857 0.872 0.885 0.899 0.908 0.932 0.948
1 0 0 1 1 1 3 0.000 0.000 0.000 0.191 0.349 0.543 0.691 0.729 0.808 0.823 0.836 0.854 0.865 0.875 0.888 0.894 0.914 0.908
1 0 0 1 1 1 4 0.000 0.000 0.000 0.070 0.285 0.509 0.663 0.767 0.797 0.832 0.845 0.850 0.862 0.876 0.894 0.908 0.946 0.955
1 0 0 1 1 1 5 0.000 0.000 0.000 0.090 0.312 0.574 0.760 0.823 0.836 0.856 0.870 0.879 0.880 0.900 0.912 0.919 0.949 0.956
1 0 0 1 1 1 6 0.000 0.000 0.000 0.075 0.326 0.609 0.769 0.828 0.845 0.849 0.858 0.867 0.880 0.888 0.899 0.911 0.925 0.944
1 0 0 1 1 1 7 0.000 0.000 0.000 0.060 0.296 0.620 0.773 0.818 0.831 0.838 0.858 0.867 0.869 0.885 0.896 0.905 0.931 0.944
1 0 0 1 1 1 8 0.000 0.000 0.000 0.060 0.300 0.576 0.723 0.785 0.818 0.821 0.839 0.853 0.858 0.876 0.885 0.896 0.921 0.937
1 0 0 1 1 1 9 0.000 0.000 0.000 0.078 0.322 0.552 0.722 0.797 0.829 0.831 0.843 0.851 0.875 0.875 0.889 0.901 0.932 0.939
1 0 0 1 1 1 10 0.000 0.000 0.000 0.069 0.285 0.538 0.717 0.794 0.820 0.844 0.851 0.859 0.867 0.888 0.899 0.905 0.942 0.940
1 0 0 1 1 1 11 0.000 0.000 0.000 0.057 0.245 0.471 0.640 0.743 0.784 0.815 0.825 0.840 0.839 0.856 0.877 0.892 0.933 0.940
1 0 0 1 1 1 12 0.000 0.000 0.000 0.186 0.395 0.549 0.674 0.733 0.769 0.836 0.842 0.828 0.842 0.865 0.890 0.893 0.912 0.906
1 0 0 1 1 1 13 0.000 0.000 0.000 0.034 0.143 0.328 0.539 0.705 0.770 0.831 0.856 0.865 0.867 0.890 0.903 0.917 0.942 0.951
1 0 0 1 1 1 14 0.000 0.000 0.000 0.043 0.169 0.306 0.516 0.637 0.735 0.794 0.808 0.851 0.856 0.868 0.883 0.891 0.935 0.937
1 0 0 1 1 1 15 0.000 0.000 0.000 0.164 0.286 0.348 0.453 0.543 0.611 0.650 0.685 0.690 0.715 0.744 0.779 0.811 0.889 0.887
